14.645,17.897,134.46,160.97,-0.0064766
28.3,14.478,50.567,114.98,-0.013359
10.951,14.11,38.947,199.19,-0.015715
10.56,6.3166,139.79,60.026,-0.01238
14.933,12.828,119.32,131.43,-0.0074997
18.335,5.5471,93.734,92.044,-0.010231
11.968,5.5964,61.963,75.507,-0.014453
13.481,11.946,66.932,59.323,-0.013881
21.959,11.794,135.92,53.452,-0.012384
29.969,5.4042,96.129,179.95,-0.0089357
11.98,11.757,55.623,135.65,-0.01357
11.147,13.428,83.041,95.143,-0.010244
26.515,13.674,147.49,116.68,-0.0074662
19.025,7.1398,143.76,87.495,-0.0097131
22.966,13.667,75.751,142.2,-0.010297
14.575,11.668,48.303,113.53,-0.015034
17.709,11,52.049,181.02,-0.013359
14.627,18.354,23.829,67.773,-0.020895
20.145,13.992,78.662,67.057,-0.012151
23.06,8.9424,130.93,119.17,-0.0077354
28.826,12.662,144,86.616,-0.009272
25.42,5.6611,18.102,97.07,-0.026614
17.683,11.089,134.9,128.47,-0.0071353
16.72,10.685,44.283,71.726,-0.016968
22.675,18.444,39.192,169.96,-0.013889
29.399,17.866,40.477,134.73,-0.013911
16.54,5.7785,78.955,176,-0.010754
15.599,16.922,61.372,100.03,-0.01213
27.454,8.4783,101.96,92.872,-0.0097776
29.335,5.4585,63.72,141.5,-0.012439
26.957,18.786,11.108,125.69,-0.021219
13.022,16.669,137.34,172.28,-0.0063966
24.038,10.174,91.863,134.82,-0.0093075
10.03,13.262,86.508,134.3,-0.0097197
28.884,18.893,94.575,185.49,-0.0080829
10.735,7.7183,113.21,130.76,-0.0081803
16.064,16.536,85.174,167.02,-0.0092342
11.214,16.097,68.286,76.366,-0.011726
12.751,12.867,117.04,113.61,-0.0078875
23.455,16.103,10.958,142.8,-0.022369
17.212,7.668,110.02,78.661,-0.011066
10.796,13.494,130.37,170.65,-0.0068398
21.718,5.7637,80.482,78.61,-0.011828
22.618,15.279,104.28,183.8,-0.007862
23.212,19.013,56.443,127.99,-0.011874
24.806,13.072,128.38,88.125,-0.009384
28.706,6.5264,92.278,189.16,-0.0090813
15.322,18.395,10.185,83.981,-0.026308
16.312,19.468,147.75,199.1,-0.0058546
16.681,15.776,48.27,128.42,-0.013861
14.432,15.878,97.374,80.594,-0.010175
14.042,10.106,62.975,120.36,-0.012751
18.053,5.7719,87.151,151.14,-0.010087
28.63,13.438,96.474,106.7,-0.0089432
11.51,7.9153,88.743,183.2,-0.0097508
21.935,13.726,145.59,137.94,-0.0065626
12.042,14.598,104.02,71.937,-0.011035
17.79,16.327,65.971,170,-0.010925
27.702,6.6948,77.25,81.446,-0.011767
11.586,14.579,67.587,144.04,-0.011412
29.523,16.087,140.98,167.23,-0.0062308
23.87,9.7758,114.61,166,-0.0076932
21.456,18.609,34.02,193.08,-0.014527
22.548,13.241,28.121,119.42,-0.018596
21.819,7.4445,37.979,66.646,-0.019713
14.603,19.979,28.808,103.78,-0.017666
14.997,18.895,65.868,104.71,-0.01128
10.096,14.858,118.84,138.16,-0.0074088
29.249,9.2776,121.59,97.06,-0.0091547
16.574,7.4331,12.523,95.835,-0.031707
23.625,18.789,74.369,157.18,-0.0097837
19.23,14.045,64.103,185.74,-0.011206
15.696,14.847,94.316,149.5,-0.008787
13.764,10.322,50.119,65.103,-0.015996
10.564,17.987,136.72,156.43,-0.006413
18.818,10.327,131.09,181.36,-0.0068615
10.42,7.2379,62.74,61.523,-0.01452
16.545,15.142,34.307,172.62,-0.016068
14.593,9.0116,60.843,103.84,-0.013445
19.031,14.557,14.065,118.2,-0.023806
23.694,9.3213,10.845,133.19,-0.026323
11.491,17.368,61.855,119.11,-0.011951
19.208,7.4934,10.698,52.105,-0.037777
13.188,9.3081,100.29,91.816,-0.0098095
17.753,10.904,134.29,184.36,-0.0067
29,6.6448,38.973,143.7,-0.016374
11.423,15.213,16.933,73.767,-0.025977
15.301,5.216,95.118,184.38,-0.0093321
22.555,7.1724,123.55,117.01,-0.0080129
16.802,6.3383,52.526,142.44,-0.014713
25.279,10.846,56.697,192.15,-0.012112
21.074,6.7563,32.459,132.54,-0.019206
13.7,17.969,27.684,125.12,-0.018237
17.791,18.576,134.17,123.52,-0.0069876
28.194,14.921,118.61,136.79,-0.0073408
22.052,17.93,37.651,77.639,-0.016164
18.746,9.5492,113.25,141.89,-0.0079503
17.386,9.1115,135.4,149.2,-0.0068528
25.827,10.8,86.114,148.49,-0.0095593
25.633,17.794,120.36,198.15,-0.0068573
16.677,5.4681,79.21,80.798,-0.011767
23.55,14.761,105.46,169.08,-0.0078832
28.728,9.0871,39.276,86.166,-0.017499
22.061,9.6337,22.244,77.602,-0.024184
28.738,5.6573,93.111,54.782,-0.015028
26.807,18.57,45.729,143.75,-0.012983
27.943,14.283,57.282,105.21,-0.012632
13.748,15.12,111.25,171.58,-0.0076599
20.974,12.721,23.256,52.331,-0.024003
28.7,9.8135,62.154,196.01,-0.011388
29.183,10.174,61.202,189.53,-0.011496
26.007,13.393,23.605,139.05,-0.018803
23.193,15.706,41.779,139.92,-0.014385
10.655,12.645,117.84,176.54,-0.0074742
16.613,9.3186,90.739,187.05,-0.0092831
17.322,14.763,142.49,72.502,-0.010145
26.575,5.6734,92.709,124.07,-0.009706
19.962,5.7979,82.123,58.944,-0.01475
23.82,19.308,97.282,147.08,-0.0081817
26.848,7.6982,116.74,124.54,-0.0079499
13.253,8.3862,15.859,114.21,-0.028541
16.895,12.066,136.74,54.088,-0.012274
23.822,9.9772,81.729,52.617,-0.014976
25.01,11.233,98.597,100.09,-0.009077
22.317,15.892,127.36,72.587,-0.010335
15.94,9.1265,83.978,113.54,-0.01039
15.475,15.049,24.217,142.35,-0.01958
15.906,10.877,65.128,152.06,-0.011938
26.386,7.8971,81.977,188.97,-0.0098266
18.208,18.885,70.071,177.96,-0.010174
21.773,18.871,67.735,65.13,-0.01187
14.813,18.862,59.997,84.171,-0.01225
17.005,6.9948,143.15,118.8,-0.0077844
28.634,7.1909,101.24,66.335,-0.012727
10.874,11.551,148.07,169.69,-0.0062133
14.504,8.7878,94.193,137.15,-0.0093722
28.81,14.766,56.757,63.88,-0.013639
17.582,14.739,49.552,165.34,-0.013311
26.269,7.3608,27.405,168.15,-0.018706
23.154,6.9291,11.314,152,-0.026576
24.939,8.3461,138.76,191.68,-0.0065557
20.449,15.965,88.154,142.61,-0.0091055
14.598,16.155,87.229,100.61,-0.0095368
12.579,11.749,50.996,82.225,-0.015127
27.832,14.271,141.41,137.92,-0.006557
20.927,16.392,106.81,116.4,-0.0080299
14.112,9.1437,81.793,191.53,-0.010124
23.788,16.685,101.97,156.18,-0.0080251
27.575,9.2244,43.969,108.94,-0.015726
27.061,5.4734,98.623,106.8,-0.0094638
20.398,14.39,57.07,164.95,-0.012133
22.922,8.5423,24.404,115.05,-0.021648
23.189,13.557,12.775,98.915,-0.02506
13.813,14.419,117.61,117.39,-0.0075854
11.565,6.3417,110.98,75.792,-0.01152
11.594,10.211,126.45,135.82,-0.0072767
21.819,11.425,65.136,106.55,-0.012171
19.935,5.7371,89.074,55.98,-0.015017
16.765,19.829,143.67,196.1,-0.0059782
14.964,16.338,42.667,101.94,-0.015321
15.189,5.1905,136.41,101.87,-0.008984
26.812,19.547,140.93,81.99,-0.0090657
12.442,14.317,91.111,164.14,-0.0090614
12.883,15.045,122.34,145.28,-0.0071874
21.83,9.8096,105.74,84.012,-0.010378
15.395,6.4289,107.49,189.78,-0.0083336
19.596,5.2743,119.1,182.38,-0.0076887
27.353,6.6672,97.655,137.08,-0.0091062
18.891,12.447,50.221,98.987,-0.014515
28.804,18.545,10.113,138.72,-0.020808
29.928,11.922,123.29,97.169,-0.0089129
21.049,7.322,92.214,76.297,-0.011707
19.238,19.584,149.46,175.12,-0.0058355
10.727,14.424,90.857,78.291,-0.010638
27.826,6.8813,50.09,88.028,-0.015634
15.996,13.258,71.182,168.15,-0.01081
29.403,5.8766,135.73,64.395,-0.012039
17.402,9.5256,121.4,97.936,-0.0090816
15.852,6.0576,89.874,174.86,-0.0097258
21.206,15.941,78.932,80.314,-0.010507
11.601,14.107,146.43,190.74,-0.0061336
28.024,7.2121,77.659,50.055,-0.016295
21.858,5.8054,58.855,148.64,-0.013311
11.43,16.022,146.32,52.351,-0.011621
12.352,19.581,135.07,89.195,-0.008711
15.846,15.77,114.04,78.087,-0.010151
10.912,17.944,119.35,148.32,-0.0071867
16.956,6.5906,124.72,58.308,-0.013064
28.855,17.854,63.992,151.14,-0.010734
18.789,5.1575,125.21,194.19,-0.0073467
21.612,10.974,71.441,93.948,-0.011655
17.201,11.357,15.787,175.55,-0.022873
28.92,13.038,34.294,178.18,-0.015124
11.628,15.8,34.417,168.12,-0.016632
14.323,14.529,63.459,196.5,-0.011407
27.497,11.974,10.429,119.02,-0.024897
16.021,11.566,126.42,85.401,-0.0097635
13.03,10.851,148.98,186.02,-0.0061646
27.877,7.5769,105.66,176.15,-0.0082279
10.501,9.6904,147.22,90.297,-0.0092482
28.031,8.0673,106.99,109.41,-0.0086505
23.76,9.7433,90.019,94.518,-0.0099354
23.976,8.012,145.04,145.01,-0.0065347
20.888,9.9404,15.698,176.92,-0.022478
20.018,9.0102,70.01,199.21,-0.011007
13.178,14.138,116,90.251,-0.0093157
21.457,16.286,50.188,117.53,-0.013363
24.698,9.4828,91.289,103.19,-0.0097279
24.369,12.023,21.718,199.3,-0.018348
28.241,13.289,82.793,62.962,-0.012704
22.038,15.475,101.95,79.776,-0.010221
18.436,17.461,55.126,139.41,-0.012324
28.752,17.163,115.41,148.28,-0.0073011
24.51,8.7025,98.558,70.857,-0.012021
19.061,5.1227,144.62,109.21,-0.0084263
22.363,14.813,29.976,60.501,-0.019818
10.863,18.009,81.555,74.834,-0.010698
11.298,12.431,77.509,150.87,-0.010535
28.182,7.7788,114.81,117.55,-0.0081186
21.178,5.6037,141.49,149.26,-0.006752
16.513,10.993,123.44,63.49,-0.011874
10.062,8.989,54.394,147.7,-0.014329
26.037,16.903,13.473,134.17,-0.020936
23.771,5.983,64.173,140.59,-0.012539
14.583,18.539,43.737,63.838,-0.015395
28.185,14.267,72.718,79.067,-0.011307
15.354,18.985,121.91,113.58,-0.0074995
18.787,7.0812,48.502,96.029,-0.016136
11.732,7.4072,30.787,189.03,-0.019885
17.17,10.592,11.155,63.569,-0.032901
11.992,11.785,102.32,170.87,-0.0084389
22.594,17.026,36.856,146.98,-0.01494
14.714,18.924,11.214,90.831,-0.02522
20.471,19.824,56.533,100.52,-0.0122
23.399,9.2587,48.156,169.34,-0.014011
26.674,15.838,143.46,75.45,-0.0097823
28.634,11.624,65.835,134.63,-0.011472
10.571,16.692,149.46,192.19,-0.0059393
12.56,15.101,113.96,119.66,-0.0077148
22.344,17.536,57.093,91.223,-0.01256
27.312,5.0644,34.091,115.31,-0.019129
17.522,9.5017,82.257,116.2,-0.010467
13.429,13.713,114.23,95.534,-0.0089897
27.04,16.294,102.02,67.658,-0.01128
10.765,14.643,56.295,79.273,-0.013668
29.612,14.156,147.66,81.014,-0.0094577
24.257,13.245,26.056,88.98,-0.020163
29.463,11.158,142.47,96.379,-0.0087834
13.104,13.178,73.033,199.11,-0.010568
12.061,18.805,69.805,173.53,-0.010481
17.056,18.673,93.709,110.02,-0.0087535
18.021,9.4066,138.76,139.36,-0.006745
16.548,5.4362,71.836,64.289,-0.014184
13.993,10.604,97.83,129.52,-0.0089922
24.039,8.7466,90.062,108.93,-0.0098319
11.573,5.3483,52.056,95.335,-0.016229
23.119,18.439,47.932,178.48,-0.012456
18.287,10.407,124.57,84.435,-0.0099786
26.637,8.9809,23.529,109.17,-0.021496
21.365,19.819,93.615,190.7,-0.0081868
20.335,14.002,131.65,146.02,-0.0067888
15.867,8.4219,28.142,121.53,-0.021249
16.516,8.4583,86.442,168.59,-0.0098185
21.452,13.381,60.816,199.06,-0.011432
26.65,9.1945,133.18,76.269,-0.010598
13.783,16.678,45.522,196.78,-0.013623
28.314,17.875,29.015,65.148,-0.018444
26.333,10.212,78.398,67.433,-0.012682
26.488,18.891,130.91,75.959,-0.0097044
20.969,18.628,125.97,51.428,-0.011997
21.785,14.093,135.37,190.83,-0.0064717
21.203,11.479,45.179,50.104,-0.017281
11.353,8.6905,34.789,100.99,-0.02008
14.747,17.263,40.902,70.949,-0.016141
28.716,19.544,94.722,113.97,-0.0085195
16.295,9.4305,51.376,182.86,-0.013837
14.143,9.5351,33.829,53.873,-0.021522
23.465,15.556,68.92,176.11,-0.010445
18.748,19.94,11.246,179,-0.02053
13.042,9.2513,134.44,121.94,-0.0075527
24.626,17.794,21.458,86.993,-0.020028
29.701,12.15,136.84,130.21,-0.0069938
12.574,10.904,64.743,161.1,-0.012083
17.753,12.806,106.54,58.512,-0.012698
18.604,6.2163,40.575,148.9,-0.017035
22.28,8.3014,45.389,185.09,-0.014526
24.048,14.916,109.54,181.78,-0.0075902
29.806,7.3318,57.155,193.6,-0.012273
10.595,12.458,135.22,180.01,-0.0066601
23.994,16.916,33.883,119.11,-0.016022
28.793,5.1675,71.433,50.039,-0.01717
23.883,6.3985,55.72,89.768,-0.014758
16.497,15.035,143.26,128.27,-0.0069068
23.313,12.542,122.68,84.522,-0.0097914
21.105,13.837,20.528,88.251,-0.022385
20.674,11.465,55.334,120.89,-0.013372
15.3,5.533,28.845,168.81,-0.020869
14.618,10.311,104.79,71.714,-0.011577
21.906,15.278,118.7,125.92,-0.0074069
23.216,17.554,12.671,138.06,-0.021327
16.75,7.1235,121.13,114.42,-0.0081857
22.729,8.8566,107.77,57.166,-0.013458
20.838,10.603,136.77,83.321,-0.0098271
22.538,16.178,54.791,190.55,-0.011805
20.282,9.3773,147.01,108.13,-0.0081729
22.317,7.2777,49.18,134.14,-0.014891
26.032,19.566,126.2,110.96,-0.0075704
25.741,13.515,81.235,144.51,-0.0097477
16.733,16.94,56.712,182.5,-0.011873
18.05,9.9579,68.013,194.78,-0.011246
25.766,16.096,113.83,130.76,-0.0075562
19.891,6.9957,121.69,192.22,-0.007417
20.682,19.74,75.6,58.505,-0.012463
19.924,19.418,35.623,93.149,-0.015954
23.425,5.8731,50.578,77.908,-0.016293
13.409,10.28,136.34,151.57,-0.0067634
19.369,11.322,105.63,153.1,-0.0082227
20.503,16.225,81.667,78.692,-0.010505
23.729,10.135,53.107,193.36,-0.01277
22.671,11.322,61.172,134.79,-0.01228
14.513,19.198,28.755,67.391,-0.018921
16.219,10.364,96.187,51.156,-0.014559
12.027,12.827,91.534,138.25,-0.0092776
13.646,5.4519,97.706,133.91,-0.0094105
17.903,13.721,21.884,115.6,-0.021266
11.892,15.986,103.5,78.193,-0.010294
16.287,14.956,88.684,146.22,-0.0092002
23.606,7.6715,126.03,189.52,-0.0071425
14.354,9.1171,52.088,51.278,-0.016537
13.728,17.485,31.643,108.92,-0.017613
25.002,5.4598,29.915,52.234,-0.024585
23.324,10.377,122.42,118.4,-0.007743
24.218,16.083,131.76,132.34,-0.0067587
24.774,12.283,105.08,52.079,-0.013646
11.533,7.1302,42.685,141.17,-0.017292
22.338,8.1027,42.82,153.48,-0.015593
20.145,19.483,130.64,122.87,-0.0069893
23.525,17.337,92.067,163.9,-0.008548
10.379,19.025,13.744,77.651,-0.025517
19.137,18.377,69.6,124.13,-0.010653
15.846,15.565,44.37,93.752,-0.015242
26.124,14.446,122.07,88.066,-0.0093591
19.064,10.177,85.68,125.08,-0.0099732
28.682,16.081,93.033,139.13,-0.0086671
20.188,14.562,73.11,189.31,-0.010173
10.825,8.0049,104.01,170.33,-0.0086194
21.35,16.015,98.864,148.13,-0.008328
12.413,14.615,72.612,157.06,-0.010725
11.177,18.928,33.517,83.593,-0.017481
23.356,9.2628,41.51,62.219,-0.018196
14.972,15.555,100.79,151.44,-0.0083054
10.389,6.3752,138.92,137.56,-0.0069419
13.989,16.231,27.743,128.8,-0.018645
29.608,15.248,125.59,156.92,-0.0068952
13.777,17.424,88.336,123.95,-0.0091906
26.156,15.762,86.686,103.27,-0.0095075
10.002,5.1056,89.776,126.98,-0.010256
25.503,7.2847,62.308,168.22,-0.012159
28.639,5.829,113.43,63.998,-0.012847
10.9,6.7261,33.06,176.3,-0.019805
22.122,19.899,148.27,151.62,-0.0059299
29.08,14.437,40.327,111.66,-0.015123
13.605,11.643,110.71,80.07,-0.010469
26.751,7.4086,91.741,162.26,-0.0092853
17.591,10.038,46.28,63.984,-0.016882
16.335,10.131,124.82,92.184,-0.0094041
25.509,15.523,12.516,141.38,-0.021657
27.558,13.791,98.388,114.77,-0.0087064
15.753,13.045,51.787,188.66,-0.013141
20.905,6.4164,29.202,66.153,-0.023615
20.271,9.8998,147.27,179.97,-0.0062409
17.06,17.656,46.403,178.92,-0.013206
16.87,12.611,36.943,51.391,-0.019183
15.524,5.3702,133.39,154.44,-0.0071105
11.6,18.505,20.133,61.903,-0.022997
16.272,16.975,120.89,133,-0.007189
10.128,5.4412,12.515,187.99,-0.031323
20.492,8.4506,19.194,125.34,-0.023888
11.41,10.161,102.62,59.004,-0.013214
24.93,11.51,47.664,170.79,-0.013566
25.402,8.8358,28.405,191.17,-0.017538
16.819,8.3,43.247,184.93,-0.015502
22.764,16.527,60.137,125.62,-0.011803
11.049,14.453,121.96,98.513,-0.008655
22.334,18.152,21.911,96.308,-0.019626
13.361,14.802,19.442,100.98,-0.023246
15.98,5.4628,17.817,112.82,-0.028436
11.325,6.5196,16.987,100.02,-0.030868
16.236,19.273,62.868,138.77,-0.01123
21.978,8.3491,64.756,153.44,-0.012039
28.772,12.835,133.14,55.172,-0.012127
16.931,13.349,60.43,163.57,-0.012043
14.881,7.2905,126,115.34,-0.0080865
20.042,19.77,129.21,135.54,-0.0066762
20.038,6.1793,81.382,88.282,-0.011266
22.338,13.17,95.333,62.221,-0.012503
15.433,14.328,18.472,66.013,-0.025267
18.439,6.0465,21.502,104.87,-0.025614
14.379,15.907,11.209,85.592,-0.027516
24.845,7.0392,65.075,173.69,-0.011818
23.393,12.369,63.799,58.977,-0.013921
19.711,10.906,120.24,60.775,-0.012267
11.58,19.349,38.66,189.11,-0.014662
16.863,13.334,95.746,59.513,-0.012826
25.754,17.541,146.1,102.16,-0.007975
10.309,6.6269,85.106,81.507,-0.011305
16.675,9.6636,10.406,120.37,-0.029565
23.662,8.9792,89.87,186.68,-0.0091951
22.526,19.351,82.295,192.24,-0.0089272
28.224,7.0749,125.75,82.203,-0.010469
24.086,6.1674,95.344,124.55,-0.0094746
26.93,6.7951,87.058,52.229,-0.015517
24.94,16.734,138.31,96.489,-0.0084276
28.15,6.5342,120.57,66.663,-0.012197
25.462,5.3063,34.764,189.8,-0.016936
12.173,7.5196,26.118,63.358,-0.025975
21.98,15.908,44.27,177.83,-0.013463
23.076,19.678,26.707,108.77,-0.017319
16.5,9.018,130.81,79.591,-0.010406
29.265,9.6498,47.2,90.436,-0.015434
14.915,19.422,46.581,151.43,-0.013338
21.356,18.212,122.98,141.96,-0.0069746
16.263,18.883,63.023,141.1,-0.011239
23.339,5.4349,30.704,142.57,-0.019564
24.231,19.379,45.726,82.106,-0.014091
10.801,9.0049,145.39,96.374,-0.0089303
22.907,5.7977,135.63,181.16,-0.0068467
19.634,8.0032,22.701,61.264,-0.026535
26.541,7.2484,112.61,72.195,-0.01172
29.223,10.391,140.74,61.324,-0.011592
22.989,10.206,93.502,113.09,-0.0093873
13.069,11.617,132.75,106.01,-0.0082898
26.744,6.3899,27.582,164.95,-0.018986
12.156,18.674,97.024,143.57,-0.0084065
21.535,10.231,82.6,197.32,-0.009654
27.923,16,103.06,161.24,-0.0079302
14.358,19.234,141.89,182.24,-0.0061026
13.274,5.1522,19.765,129.12,-0.027469
11.122,6.1075,90.615,148.72,-0.0099304
12.535,5.2642,72.395,160.91,-0.011868
12.796,5.3658,45.4,171.63,-0.016427
25.387,12.22,110.49,110.71,-0.0081452
21.576,7.1325,110.07,167.54,-0.0081274
12.555,5.9596,79.651,146.14,-0.011022
27.098,18.209,38.362,51.352,-0.016758
16.879,17.199,89.952,170.01,-0.0087951
22.59,14.051,114.01,59.58,-0.012138
24.759,11.439,133.38,163.56,-0.0067419
16.415,14.384,60.664,116.3,-0.012375
14.892,9.6491,139.67,188.13,-0.0065476
12.615,14.075,71.624,119.22,-0.01115
12.643,9.0665,71.75,67.3,-0.013023
18.906,16.692,75.744,96.288,-0.010512
24.175,18.722,67.915,140.77,-0.010496
19.938,15.42,108.51,189.13,-0.0076417
18.259,8.24,86.095,144.22,-0.0099879
10.099,5.3058,118.51,68.763,-0.012255
28.095,9.6709,12.226,142.12,-0.023845
10.534,15.817,117,174.6,-0.0073522
12.411,5.0196,13.909,107.65,-0.033804
13.009,13.907,68.644,127.32,-0.01144
21.703,5.481,21.003,68.239,-0.028299
26.827,5.9768,36.762,95.962,-0.018868
22.508,16.151,43.844,81.001,-0.015185
11.88,9.2617,101.45,196.97,-0.0085901
25.219,15.811,96.642,184.43,-0.008225
10.143,7.519,22.803,79.023,-0.027571
12.746,7.2224,15.389,149.11,-0.028126
27.131,16.713,79.165,178.01,-0.0093414
29.811,9.0245,56.171,62.667,-0.014928
17.301,18.4,33.103,73.103,-0.017542
10.367,19.278,27.092,112.9,-0.018751
27.904,5.2502,137.23,166.33,-0.006838
15.703,13.522,145.88,123.22,-0.0071873
13.104,10.939,70.745,90.322,-0.011935
18.936,10.982,14.798,51.804,-0.030516
28.248,18.185,50.672,98.624,-0.013049
27.647,11.374,75.293,113.85,-0.0108
11.912,12.448,28.202,160.02,-0.019494
14.552,7.7487,18.821,193.27,-0.023529
12.744,9.4492,143.93,78.34,-0.010198
10.086,8.3596,53.342,61.725,-0.015943
27.036,12.964,89.847,133.86,-0.0091933
17.668,6.5166,52.706,139.3,-0.014626
22.865,14.316,70.205,166.5,-0.010551
16.295,7.1647,114.04,174.08,-0.0079343
24.879,18.314,110.89,175.36,-0.0073562
27.639,15.873,36.187,119.29,-0.015515
26.859,12.957,39.342,130.71,-0.015326
24.335,11.908,75.977,179.4,-0.010104
26.128,10.682,54.995,110.23,-0.013514
19.8,19.208,29.589,68.116,-0.018254
24.155,16.673,101.34,129.45,-0.0082207
19.707,11.489,138.32,66.522,-0.011086
20.209,16.151,48.549,194.56,-0.012729
25.314,18.952,33.705,131.11,-0.015232
22.032,13.945,75.64,141.11,-0.010312
21.952,10.249,27.058,113.86,-0.020218
11.63,11.856,104.75,93.419,-0.009399
11.472,19.774,57.05,100.68,-0.012423
27.657,18.256,62.668,126.78,-0.011137
23.172,9.1491,32.064,88.343,-0.019857
14.573,8.8422,147.43,150.52,-0.0063856
19.843,13.151,93.594,95.154,-0.0093419
12.981,17.201,84.02,88.782,-0.0098235
27.88,9.314,74.73,192.61,-0.010249
27.547,6.8647,26.016,81.986,-0.022889
17.481,15.59,73.784,163.19,-0.01028
10.797,14.582,134.32,194.93,-0.0065756
17.711,13.274,81.44,109.95,-0.010205
19.534,5.7374,64.583,181.67,-0.012246
19.226,10.509,108.94,123.22,-0.0082497
24.908,18.598,91.837,186.36,-0.008329
10.059,8.5017,67.049,72.973,-0.013118
24.173,5.9609,43.487,138.06,-0.016113
19.824,6.9955,27.189,142.47,-0.020747
18.176,8.2963,98.283,92.348,-0.0098807
11.892,11.265,88.154,187.75,-0.0094681
12.226,9.9236,29.412,85.403,-0.021995
27.766,11.297,20.426,168.51,-0.019235
29.479,17,25.201,85.684,-0.018769
26.033,14.123,117.2,194.09,-0.0071832
19.918,12.391,37.435,87.956,-0.017527
16.692,6.3741,58.339,83.025,-0.014683
27.747,8.3634,134.71,113.98,-0.0080246
18.542,8.7587,22.838,138.33,-0.022064
28.281,14.522,79.951,149.49,-0.0096669
25.031,18.849,19.309,98.564,-0.01981
21.471,5.7455,13.832,115.88,-0.028726
22.607,11.531,25.4,121.46,-0.019931
24.613,12.547,92.349,197.14,-0.0086645
25.286,11.528,111.16,140.09,-0.0079079
27.53,9.5502,59.908,87.754,-0.013411
11.957,7.9908,23.443,154.07,-0.023341
27.811,15.139,130.74,140.4,-0.0067847
10.089,13.374,71.421,79.792,-0.011677
21.713,12.547,34.449,164.95,-0.016179
28.722,16.273,72.094,183.91,-0.0098589
12.326,17.741,57.758,128.77,-0.012328
20.609,14.518,43.708,62.643,-0.016232
27.795,16.432,53.891,123.6,-0.012455
19.706,11.647,36.093,115.73,-0.017325
24.329,6.6764,22.568,143.05,-0.021691
20.909,14.435,91.1,55.702,-0.013292
25.088,12.614,50.792,169.02,-0.012933
26.174,19.622,37.421,60.001,-0.016226
29,18.372,133.02,65.006,-0.010558
22.923,10.48,26.317,77.052,-0.021945
23.675,8.1912,148.03,132.03,-0.0070498
24.87,6.5939,76.468,106.77,-0.011397
23.365,13.905,49.99,159.23,-0.013078
11.471,5.1106,118.64,198.91,-0.0077912
23.952,10.573,75.19,182.75,-0.010294
27.397,14.823,105.2,50.011,-0.013465
17.765,11.379,13.746,117.81,-0.026109
21.122,8.8538,113.44,141.69,-0.0079664
20.075,12.423,119.11,183.92,-0.007285
29.562,13.518,131.71,67.561,-0.010904
26.799,11.144,48.93,59.347,-0.015976
18.303,11.532,145.92,156.73,-0.0063054
27.432,14.314,38.084,71.407,-0.016976
17.389,7.5624,73.895,101.16,-0.011789
27.805,17.73,119.41,62.314,-0.01121
17.089,14.174,92.522,163.86,-0.0088678
27.656,13.432,97.199,124.04,-0.0087236
25.689,6.2988,137.67,116.95,-0.0079676
21.168,15.879,127.27,71.424,-0.010437
16.294,17.958,106.51,137.25,-0.0078564
18.501,16.879,116.05,85.955,-0.0093911
19.619,10.931,32.125,91.776,-0.019415
22.85,18.643,36.087,193.54,-0.014027
24.085,12.824,56.466,147.74,-0.012453
25.97,16.625,106.43,66.172,-0.011292
28.931,13.317,149.41,94.703,-0.0086315
14.493,19.116,33.887,197.23,-0.015186
11.086,16.628,86.441,90.231,-0.0096635
18.667,9.0882,97.659,176.42,-0.008794
13.486,6.459,35.367,173.01,-0.018659
29.349,15.053,16.956,183.21,-0.018347
11.681,14.032,112.65,103.83,-0.008425
10.064,12.57,30.225,126.51,-0.019841
14.139,14.224,55.846,101.03,-0.013396
13.329,10.936,117.61,147.83,-0.0076404
14.753,12.673,29.005,192.33,-0.01799
16.435,12.34,39.028,192.25,-0.015425
10.35,5.6821,85.711,168.28,-0.010367
19.827,16.128,80.752,148.98,-0.0096421
18.755,10.676,140.7,63.547,-0.01139
26.085,16.225,55.498,139.37,-0.012117
19.602,9.2083,34.642,113.6,-0.018516
19.792,7.1004,110.48,140.94,-0.00827
11.267,12.803,141.58,59.585,-0.011499
21.676,10.956,104.1,96.85,-0.009216
17.728,13.281,58.541,55.025,-0.014568
21.639,16.791,102.67,121.38,-0.0082058
20.701,7.302,100.39,187.18,-0.0086415
13.927,6.097,30.674,129.16,-0.021387
13.257,6.1773,32.914,73.49,-0.022593
20.202,6.8287,133.63,140.77,-0.0070724
12.871,16.53,35.912,60.195,-0.018013
26.893,10.524,69.972,84.313,-0.012003
14.358,16.401,82.777,162.95,-0.0095032
28.794,18.357,88.612,54.073,-0.012913
16.538,10.875,125.78,135.14,-0.0072636
26.569,7.7468,143.71,172.01,-0.0064564
26.391,5.5204,56.208,152.15,-0.013458
26.765,19.828,72.993,185.2,-0.009516
20.571,7.42,132.81,196.32,-0.0068591
18.882,18.716,55.738,116.16,-0.012311
23.293,16.539,46.125,174.77,-0.013029
27.413,12.625,26.377,195.85,-0.016661
10.677,19.574,28.17,116.16,-0.018217
29.675,10.57,108.35,153.96,-0.007998
20.86,14.021,120.08,131.02,-0.0073795
27.577,19.664,123.9,68.403,-0.010351
23.527,16.951,106.01,158.76,-0.0077733
20.071,17.783,27.305,186.06,-0.016321
19.187,11.029,60.966,140.91,-0.012424
27.576,14.512,145.49,141.46,-0.0063965
14.531,11.367,125.96,65.19,-0.011584
15.931,13.289,86.957,96.83,-0.0098525
13.223,6.204,61.668,112.69,-0.013751
28.186,13.255,28.92,168.62,-0.016454
26.446,9.5729,30.609,186.71,-0.016772
20.983,5.2873,148.36,181.73,-0.0063739
24.956,9.099,107.32,195.5,-0.0079762
19.148,19.908,88.154,159.98,-0.0087224
27.865,18.69,111.86,107.9,-0.0078767
10.667,7.9749,11.301,135.86,-0.032479
13.817,17.249,117.83,192.81,-0.0071495
23.606,18.456,132.05,178.78,-0.0064439
19.771,13.933,73.977,59.8,-0.013272
15.281,11.227,70.955,137.03,-0.011344
14.884,6.7877,102.24,156.36,-0.0088162
24.705,6.5919,126.81,133.42,-0.007437
23.131,6.9544,109.28,91.615,-0.0099471
12.026,14.02,109.49,120.34,-0.0080345
23.983,7.6703,122.67,97.224,-0.0092686
27.365,5.0343,92.612,172.8,-0.0093247
17.987,8.6355,104.42,181.02,-0.0083669
16.533,16.453,66.024,98.773,-0.011602
22.866,6.6785,62.997,173.2,-0.012228
21.5,13.326,115.51,161.17,-0.0074912
20.702,14.416,143.73,152.89,-0.0062801
25.03,16.863,68.303,83.237,-0.011383
14.021,8.7764,99.483,56.429,-0.013929
27.689,16.931,38.717,101.15,-0.015236
20.596,14.018,94.31,190.01,-0.0085544
14.385,17.181,16.835,182.74,-0.02058
21.893,8.1648,121.45,79.519,-0.010687
28.821,18.704,40.086,149.23,-0.013601
14.547,13.737,131.66,186.03,-0.0067061
12.537,10.814,125.75,82.196,-0.010108
15.93,13.512,36.937,114.23,-0.017004
17.075,16.224,44.123,193.52,-0.01365
17.44,18.157,58.392,156.14,-0.011694
18.013,10.705,72.055,105.94,-0.011519
22.131,6.5152,66.93,95.718,-0.012848
10.326,15.255,39.443,182.66,-0.015621
20.053,12.458,111.71,183.71,-0.0076599
20.524,9.3903,48.315,169.54,-0.014181
11.866,10.273,52.386,81.002,-0.015226
11.039,7.9001,12.028,61.784,-0.037758
14.868,12.33,110.22,187.99,-0.0078115
23.321,6.662,68.737,141.16,-0.011867
20.184,9.5405,81.376,170.62,-0.010043
24.615,12.04,74.966,185.13,-0.010128
27.525,6.8986,66.991,123.29,-0.01216
13.728,7.1681,17.026,98.609,-0.029423
16.761,7.7818,73.121,85.515,-0.012096
26.602,13.703,56.695,154.45,-0.012098
15.198,6.1513,82.776,151.56,-0.010544
18.799,19.244,105.03,92.643,-0.0088388
25.072,16.596,92.044,162.02,-0.0085876
14.949,10.21,12.707,93.53,-0.030038
13.061,6.4831,113.49,174.35,-0.0080561
12.139,17.218,143.64,149.42,-0.0061984
15.547,18.166,59.041,115.16,-0.012089
16.761,18.817,100.73,95.748,-0.0086939
11.458,6.3536,147.42,69.443,-0.011203
12.836,10.14,12.767,182.66,-0.026339
26.932,16.702,136.04,169.18,-0.0063838
24.855,10.061,50.486,149.67,-0.013698
23.927,8.2735,125.38,81.315,-0.010433
12.076,9.6877,136.41,169.86,-0.0067442
19.917,9.6608,113.31,198.27,-0.0076803
12.231,15.347,131.85,136.9,-0.0067728
20.909,8.5627,67.463,60.136,-0.014395
17.557,18.636,23.244,127.7,-0.018705
23.206,12.761,34.23,163.76,-0.016034
11.611,11.699,78.762,56.496,-0.014092
17.213,11.252,114.21,182.11,-0.0076399
13.627,10.821,24.119,191.99,-0.020394
13.892,15.532,51.01,112.62,-0.013819
16.109,16.858,87.771,73.237,-0.010911
18.732,19.412,44.511,95.666,-0.014228
14.49,19.966,68.582,90.504,-0.010998
21.927,18.473,90.729,61.872,-0.011888
12.089,15.171,148.84,147.84,-0.0061315
21.775,12.555,99.722,161.76,-0.0084296
22.778,10.695,130.53,155.4,-0.0069403
17.27,8.4028,106.26,115.2,-0.0086358
15.79,16.835,149.5,100.76,-0.0080648
26.229,6.8999,126.29,117.21,-0.008
14.963,17.026,63.509,129.79,-0.011563
28.736,11.207,21.226,136.44,-0.019975
20.408,11.994,100.76,182.79,-0.0083185
22.402,18.238,65.771,73.4,-0.011701
18.849,9.2767,44.892,77.562,-0.016921
18.303,14.747,52.72,185.85,-0.012577
17.164,13.851,85.45,170.89,-0.0093893
22.893,7.818,24.241,197.02,-0.019253
19.627,11.257,137.2,120.28,-0.0075035
11.581,17.838,78.166,126.41,-0.010043
22.137,12.985,65.864,74.627,-0.01242
25.753,18.492,83.496,68.904,-0.011233
11.617,6.5063,109.77,111.68,-0.0085841
27.961,14.713,68.045,143.27,-0.010788
22.746,14.042,76.693,192.54,-0.0097968
23.369,8.1958,118.4,73.483,-0.011327
15.124,8.7612,97.609,74.415,-0.011634
17.948,10.446,37.14,65.687,-0.019178
15.162,18.508,134.26,103.76,-0.0079503
21.076,8.4796,130.36,76.827,-0.010704
16.449,17.064,125.43,133.27,-0.006976
19.837,14.255,15.84,119.91,-0.022921
18.713,16.421,51.961,70.495,-0.014033
29.925,18.293,31.39,117.04,-0.015834
15.017,8.3513,135.76,163.95,-0.0068314
28.979,19.054,65.123,181.15,-0.010215
16.196,19.211,140.77,152.17,-0.0062093
18.08,5.4791,51.136,56.155,-0.017328
11.856,8.3451,43.876,70.669,-0.018067
16.894,13.027,93.281,107.72,-0.0092565
15.313,15.246,64.577,190.09,-0.011178
28.812,14.113,103.96,130.1,-0.0081981
24.553,16.392,148.86,178.6,-0.0059366
10.576,15.936,144.23,154.18,-0.0062175
17.108,17.506,74.392,136.2,-0.01023
19.234,7.0158,93.332,151.09,-0.0094201
14.466,19.856,84.834,117.37,-0.0092893
11.075,9.0488,144.45,145.53,-0.0065101
13.893,6.5771,34.481,160.09,-0.019085
17.979,15.774,53.948,92.588,-0.013411
15.591,16.732,125.98,139.42,-0.0069448
23.387,10.411,19.165,177.35,-0.020428
16.121,8.2615,28.191,194.99,-0.019287
17.963,15.996,100.52,103.41,-0.0085498
10.919,15.557,11.262,113.65,-0.027456
10.466,8.0247,148.46,51.135,-0.012757
19.225,11.802,119.38,66.507,-0.011561
19.649,15.126,107.84,114.68,-0.0080696
19.213,14.471,124.35,166.63,-0.0070084
15.019,16.502,111.8,59.918,-0.01185
28.938,19.673,144.37,130.36,-0.0066038
27.961,16.387,74.07,189.68,-0.0096638
28.608,19.817,126.74,117.04,-0.0072567
26.463,12.337,144.63,138.06,-0.0066223
28.29,12.358,55.15,142.56,-0.012581
21.839,9.4921,87.463,181.85,-0.0094138
25.516,9.4956,88.011,139.85,-0.0096024
19.668,16.198,77.202,152.72,-0.0099166
11.957,16.836,129.8,156.3,-0.0067375
20.417,10.666,128.11,176.99,-0.0069778
23.827,11.24,11.186,133.27,-0.025015
26.6,13.9,29.89,138.44,-0.01696
14.216,12.211,149.05,89.808,-0.0090413
26.357,14.415,101.05,193.33,-0.0079924
28.764,9.6561,107.28,184.81,-0.0079419
20.397,5.0011,111.8,141.32,-0.008323
17.237,19.371,140.51,192.81,-0.0061058
21.435,9.5872,107.81,138.94,-0.0082642
12.58,9.766,86.852,63.04,-0.013198
21.442,11.405,146.72,157.58,-0.0062729
26.705,9.4363,60.299,57.194,-0.014938
17.481,5.4426,45.038,179.72,-0.015769
14.884,13.37,112.91,115.73,-0.0078965
13.62,12.309,124.67,171.32,-0.0071318
24.514,15.021,81.27,73.101,-0.011241
16.742,6.958,116.07,116.89,-0.0081192
17.571,7.6552,146.18,113.41,-0.0080043
16.43,11.943,85.896,184.98,-0.0094626
29.42,15.202,117.77,133.33,-0.0073837
27.309,9.0992,95.987,56.228,-0.013983
25.848,8.3005,93.652,128.67,-0.0093611
27.032,18.384,97.307,196.05,-0.0079362
25.976,5.9584,77.531,110.73,-0.011281
26.985,10.345,77.805,198.77,-0.0098617
24.099,15.857,145.54,115.71,-0.0074081
27.541,9.6652,76.007,59.026,-0.014125
28.028,15.498,144.17,60.599,-0.010954
27.066,8.3094,127.14,120.09,-0.0077475
29.965,18.69,87.554,190.68,-0.0084692
21.344,12.723,136.87,78.764,-0.0099696
14.122,6.7637,53.881,159.49,-0.014364
28.798,17.073,124.21,112.58,-0.0076445
15.766,8.6423,73.821,74.75,-0.012099
23.225,17.76,105.27,149.05,-0.0078183
21.423,9.0029,135.38,153.53,-0.0068274
25.784,7.5261,71.185,124.75,-0.011598
26.333,19.911,90.715,155.83,-0.0084587
15.479,9.4994,66.988,148.27,-0.011944
29.418,11.736,93.997,166.01,-0.0087144
24.007,18.369,98.966,193.43,-0.0079072
16.301,11.49,124.83,53.808,-0.012828
17.816,14.803,43.577,138.19,-0.01466
18.034,16.518,47.462,100.07,-0.014225
28.471,8.7819,41.259,91.137,-0.016934
18.565,7.9081,96.406,173.89,-0.0089892
12.972,11.254,43.404,177.95,-0.015373
16.548,5.7404,103.96,64.845,-0.013108
15.508,5.7372,93.579,112.94,-0.0098576
11.701,13.85,11.876,76.613,-0.030077
14.279,5.937,77.814,194.93,-0.010831
27.61,14.611,59.757,56.408,-0.014014
25.817,9.0821,51.5,57.673,-0.016078
20.044,18.267,25.697,160.49,-0.01706
13.257,15.231,15.442,89.349,-0.025562
19.614,9.3112,92.669,91.779,-0.0098844
21.291,5.3179,61.991,105.3,-0.013638
25.309,7.9971,44.519,168.7,-0.01475
12.507,6.0653,12.289,114.48,-0.03372
28.204,6.9724,98.135,186.82,-0.0086707
24.843,8.0452,112.07,143.89,-0.0080537
18.403,15.035,77.217,86.858,-0.010673
12.575,6.5534,21.212,154.5,-0.02496
19.636,12.934,121.74,116.88,-0.0076769
16.654,8.9654,146.32,88.82,-0.0094158
16.416,5.944,10.965,142.44,-0.030744
26.631,16.656,105.08,187.05,-0.0076661
19.048,13.334,10.269,168.33,-0.024093
18.839,16.124,96.556,175.94,-0.0083641
24.92,12.823,70.66,180.93,-0.010471
13.666,5.2294,67.674,83.9,-0.013352
18.634,11.544,95.421,131.42,-0.0090259
11.465,14.783,58.493,159.5,-0.012458
16.538,10.662,61.858,65.456,-0.013662
23.828,17.826,81.72,177.47,-0.0091418
22.59,10.9,85.762,134.41,-0.0097573
15.844,14.139,140.58,51.098,-0.012162
18.004,12.594,93.476,133.09,-0.009082
25.232,9.6889,59.153,147.67,-0.012503
16.687,6.0386,42.701,174.96,-0.016319
18.052,10.135,110.88,63.682,-0.012344
23.05,6.282,52.155,155.13,-0.014134
27.885,9.9553,110.11,95.04,-0.0093789
28.104,16.081,142.98,89.679,-0.00882
23.911,9.992,57.28,134.36,-0.012967
23.144,19.021,66.295,135.79,-0.010699
10.602,15.545,108.1,116.16,-0.0080441
24.927,13.461,57.141,170.22,-0.011965
20.165,6.5951,105.73,178.01,-0.0083984
18.852,19.178,16.254,186.08,-0.018998
14.105,9.1634,70.584,64.338,-0.013492
14.781,13.221,88.157,102.44,-0.0097122
17.613,6.9093,35.188,92.109,-0.020087
20.099,9.0342,116.55,158.32,-0.007706
18.507,13.274,146.82,155.32,-0.0062101
15.568,6.7581,72.065,131.33,-0.011833
28.367,6.8925,145.89,153.9,-0.0064912
21.247,10.104,65.15,79.753,-0.012862
12.307,10.153,124.37,125.18,-0.0074284
21.51,17.95,59.739,127.32,-0.011684
14.762,12.875,48.277,165.67,-0.014072
28.752,14.485,147.04,57.308,-0.011267
17.198,18.736,116.14,114,-0.007523
25.102,17.24,129.02,128.92,-0.0068415
22.345,5.5748,127.78,109.65,-0.0085349
17.92,10.101,136.51,129.84,-0.0071148
14.46,14.154,73.733,133.32,-0.010748
15.721,17.093,141.12,181.85,-0.0062034
12.257,17.854,36.724,147.54,-0.015787
15.929,12.388,71.84,169.86,-0.010829
21.449,16.807,20.725,161.25,-0.018579
28.483,9.5715,146.54,197.91,-0.0061807
27.228,13.707,24.309,148.68,-0.018065
25.062,5.5991,44.527,155.46,-0.015523
13.232,19.597,103.26,112.96,-0.0080779
28.614,6.5445,120.49,74.999,-0.011317
29.483,5.039,111.16,163.42,-0.0081286
11.599,10.151,125.17,160.3,-0.0072664
26.609,10.682,29.524,151.04,-0.017586
29.561,10.606,131.37,90.159,-0.0094016
24.776,9.5326,63.272,105.81,-0.012629
19.27,19.149,63.911,198.18,-0.01056
25.087,6.6105,94.334,178.49,-0.0090763
11.151,18.972,50.572,53.189,-0.014299
17.562,18.389,84.868,182.68,-0.0089922
24.032,10.765,10.195,104.2,-0.02762
13.625,13.917,93.121,81.407,-0.010361
11.124,16.388,81.155,80.259,-0.010339
18.439,9.1971,104.39,58.475,-0.013364
23.765,9.3163,23.865,124.76,-0.020998
15.657,7.5515,34.087,138.44,-0.019079
21.033,9.8682,97.979,195.12,-0.0085717
29.882,16.241,58.636,175.77,-0.011168
19.624,10.046,93.322,92.924,-0.0097082
29.24,19.365,108.85,151.46,-0.0074766
13.105,9.4803,74.98,174.56,-0.010915
20.783,7.8011,59.565,88.975,-0.013927
26.714,9.6354,11.33,107.62,-0.026765
25.627,12.879,31.548,129.73,-0.01717
24.688,7.0331,35.491,117.45,-0.018297
26.124,7.1366,50.122,150.18,-0.014198
11.435,18.574,148.04,124.8,-0.006859
24.935,9.236,104.82,154.3,-0.008339
26.285,19.818,40.009,52.398,-0.015954
23.643,14.975,49.153,171.23,-0.01286
20.579,18.972,36.265,180.97,-0.014311
22.474,10.378,74.271,129.06,-0.010943
17.808,15.501,78.078,85.902,-0.010554
28.601,14.897,77.893,174.31,-0.0095869
10.686,12.141,16.073,189.03,-0.024245
29.963,16.708,12.066,185.37,-0.019042
26.462,7.9349,149.77,181.16,-0.0061983
18.225,11.393,61.556,172.45,-0.012014
24.626,16.015,57.32,95.123,-0.012637
11.799,12.879,98.951,120.61,-0.0088034
29.742,10.226,140.67,169.25,-0.0064658
17.108,17.504,137.23,115.76,-0.0073786
15.813,5.3726,51.551,93.82,-0.016105
14.686,10.703,120.68,124.6,-0.007585
25.457,16.435,96.754,153.99,-0.0083436
10.027,7.9236,34.057,137.1,-0.020009
10.348,11.634,16.451,120.68,-0.026764
26.366,8.6907,42.597,62.801,-0.017946
12.285,13.145,104.63,111.08,-0.0084444
23.574,19.058,71.547,69.734,-0.011241
25.292,9.4229,107.14,87.043,-0.010123
17.978,11.734,140.95,87.333,-0.0093682
23.362,15.416,34.219,115.85,-0.016446
22.776,14.447,77.612,183.45,-0.0097423
12.262,19.083,72.402,66.184,-0.011647
11.258,5.1555,142.97,96.041,-0.0093005
26.676,19.143,82.508,140.88,-0.009175
24.894,19.729,144.98,181.07,-0.0059352
11.173,5.524,35.133,173.15,-0.019531
16.631,14.636,129.63,136.73,-0.0068942
13.646,8.8953,38.758,85.441,-0.01885
26.581,16.102,33.578,108.31,-0.016367
13.577,7.3399,144.28,199.46,-0.0064472
14.462,13.167,46.425,70.459,-0.015946
10.584,19.155,56.55,118.24,-0.012464
23.221,6.4494,29.064,107.16,-0.021093
22.545,11.567,147.23,80.89,-0.009717
10.503,11.711,120.05,51.024,-0.013347
23.125,8.9537,100.24,92.704,-0.0097657
20.751,7.216,114.88,188.96,-0.0077619
28.338,19.403,25.931,150.82,-0.016022
17.226,9.9502,18.229,120.5,-0.024589
28.954,10.527,136.86,54.866,-0.012346
11.883,6.6768,67.742,152.8,-0.012391
27.541,14.858,48.915,149.04,-0.012997
27.647,17.056,69.78,100.28,-0.010893
19.993,7.4918,139.47,137.67,-0.0068813
26.61,13.326,49.344,60.527,-0.015321
15.169,6.445,63.488,112.51,-0.013324
23.124,9.608,79.975,176.15,-0.010032
14.516,13.546,89.498,105.05,-0.0095507
12.213,10.488,20.083,146.1,-0.023834
11.34,8.4636,43.7,163.57,-0.016369
14.188,9.1666,136.81,82.127,-0.010068
23.35,15.355,58.131,141.9,-0.011986
17.146,16.04,104.82,82.505,-0.0098917
14.799,10.691,116.82,189.14,-0.0075436
21.808,13.076,119.39,194.31,-0.0071817
15.15,16.352,56.312,119.53,-0.012702
27.533,12.536,103.51,63.121,-0.012247
17.039,6.4797,46.702,81.008,-0.017246
21.888,5.1167,18.768,73.061,-0.029514
12.41,6.8024,32.66,157.89,-0.019949
11.157,7.8368,12.069,70.241,-0.036768
16.157,19.928,65.092,127.36,-0.011004
25.561,12.056,22.27,161.18,-0.019006
18.605,5.2145,109.02,180.69,-0.0082986
21.965,11.645,56.818,188.93,-0.012211
24.433,5.7135,141.89,167.37,-0.0066402
15.583,18.487,120.26,56.708,-0.011677
16.888,8.845,62.981,78.679,-0.013493
14.808,13.057,58.751,80.388,-0.013427
19.772,9.4986,112.89,111.05,-0.0082841
25.302,5.5039,110.71,100.13,-0.0093709
11.012,19.332,13.671,58.282,-0.026177
21.796,17.722,54.718,160.84,-0.011946
26.245,15.782,63.45,150.02,-0.01112
21.7,13.791,67.339,94.824,-0.011749
29.831,5.5694,56.796,66.124,-0.01543
29.783,7.8185,88.864,131.52,-0.0096997
14.39,19.297,48.867,190.53,-0.012684
10.432,6.3993,63.816,101.15,-0.013625
13.292,5.7722,81.153,126.05,-0.011006
29.895,5.2471,107.44,115.27,-0.0087531
10.928,10.106,90.422,54.399,-0.014348
23.662,8.0746,66.156,105.75,-0.012494
28.425,13.754,43.868,167.25,-0.013595
23.753,17.344,115.13,186.61,-0.0071719
18.374,12.969,24.778,190.37,-0.018446
13.955,7.4285,60.765,111.26,-0.013664
23.406,5.7487,75.96,81.564,-0.012064
23.683,13.382,64.83,162.2,-0.011221
