14.645,17.897,134.46,160.97,1.1941,2.9643,0.064335
28.3,14.478,50.567,114.98,0.59084,2.8661,0.041876
10.951,14.11,38.947,199.19,0.69526,3.1532,0.081549
10.56,6.3166,139.79,60.026,0.6648,2.5785,0.044339
14.933,12.828,119.32,131.43,1.8639,1.4413,0.10043
18.335,5.5471,93.734,92.044,0.12737,1.9686,0.020141
11.968,5.5964,61.963,75.507,1.4185,2.924,0.12498
13.481,11.946,66.932,59.323,0.40535,3.6086,0.050104
21.959,11.794,135.92,53.452,0.11605,1.3188,0.016354
29.969,5.4042,96.129,179.95,0.64505,2.3913,0.031618
11.98,11.757,55.623,135.65,1.1557,1.2245,0.096442
11.147,13.428,83.041,95.143,0.48311,3.7382,0.048429
26.515,13.674,147.49,116.68,0.46885,3.4318,0.025639
19.025,7.1398,143.76,87.495,1.0251,3.9158,0.052419
22.966,13.667,75.751,142.2,1.8226,2.1287,0.092739
14.575,11.668,48.303,113.53,1.255,2.6039,0.1038
17.709,11,52.049,181.02,1.0354,1.1855,0.070149
14.627,18.354,23.829,67.773,0.066778,3.5171,0.073313
20.145,13.992,78.662,67.057,0.18043,3.9347,0.047811
23.06,8.9424,130.93,119.17,1.6479,1.9869,0.070007
28.826,12.662,144,86.616,1.1292,3.9811,0.045745
25.42,5.6611,18.102,97.07,1.6259,2.2362,0.11495
17.683,11.089,134.9,128.47,1.2088,1.2844,0.05759
16.72,10.685,44.283,71.726,0.54064,1.6468,0.045888
22.675,18.444,39.192,169.96,1.4914,2.6092,0.09248
29.399,17.866,40.477,134.73,1.724,1.9399,0.085198
16.54,5.7785,78.955,176,1.556,2.28,0.099919
15.599,16.922,61.372,100.03,0.077382,3.18,0.038484
27.454,8.4783,101.96,92.872,1.2439,1.2254,0.051939
29.335,5.4585,63.72,141.5,1.7151,2.8106,0.084092
26.957,18.786,11.108,125.69,0.82141,3.1971,0.07639
13.022,16.669,137.34,172.28,1.5142,2.2156,0.082343
24.038,10.174,91.863,134.82,1.4085,1.4826,0.065891
10.03,13.262,86.508,134.3,1.3891,3.7825,0.11291
28.884,18.893,94.575,185.49,0.23389,2.0224,0.016923
10.735,7.7183,113.21,130.76,0.85249,1.2945,0.057899
16.064,16.536,85.174,167.02,1.2779,3.6794,0.08259
11.214,16.097,68.286,76.366,1.7859,1.0776,0.13754
12.751,12.867,117.04,113.61,1.509,1.5094,0.089382
23.455,16.103,10.958,142.8,1.9835,1.3845,0.13393
17.212,7.668,110.02,78.661,1.9737,1.051,0.10324
10.796,13.494,130.37,170.65,1.5082,2.5585,0.093194
21.718,5.7637,80.482,78.61,0.11219,2.0056,0.023722
22.618,15.279,104.28,183.8,1.3915,3.3995,0.068072
23.212,19.013,56.443,127.99,0.49295,2.5336,0.035885
24.806,13.072,128.38,88.125,1.8203,2.0521,0.073619
28.706,6.5264,92.278,189.16,0.73375,1.8275,0.034078
15.322,18.395,10.185,83.981,0.907,2.7353,0.10384
16.312,19.468,147.75,199.1,1.3325,3.1785,0.064715
16.681,15.776,48.27,128.42,1.556,1.2432,0.10701
14.432,15.878,97.374,80.594,1.6687,1.0567,0.098112
14.042,10.106,62.975,120.36,0.1277,3.284,0.041783
18.053,5.7719,87.151,151.14,0.61499,3.8963,0.048574
28.63,13.438,96.474,106.7,1.6611,3.8731,0.073565
11.51,7.9153,88.743,183.2,0.44291,3.1173,0.041978
21.935,13.726,145.59,137.94,0.1996,1.4998,0.01132
12.042,14.598,104.02,71.937,0.74487,1.4886,0.049473
17.79,16.327,65.971,170,0.59042,2.92,0.045472
27.702,6.6948,77.25,81.446,0.26474,1.192,0.015999
11.586,14.579,67.587,144.04,1.7131,3.2907,0.13863
29.523,16.087,140.98,167.23,0.50724,3.1578,0.023969
23.87,9.7758,114.61,166,1.0209,3.3192,0.049937
21.456,18.609,34.02,193.08,1.5044,1.8585,0.095684
22.548,13.241,28.121,119.42,1.939,2.3264,0.12824
21.819,7.4445,37.979,66.646,0.073755,1.8182,0.035828
14.603,19.979,28.808,103.78,1.027,2.1635,0.092142
14.997,18.895,65.868,104.71,0.99095,2.8276,0.072532
10.096,14.858,118.84,138.16,1.0566,3.4773,0.073948
29.249,9.2776,121.59,97.06,0.02979,1.2824,0.011738
16.574,7.4331,12.523,95.835,0.88798,3.3003,0.12309
23.625,18.789,74.369,157.18,1.9779,3.7978,0.10183
19.23,14.045,64.103,185.74,1.1206,3.5375,0.075401
15.696,14.847,94.316,149.5,0.61987,1.9949,0.039842
13.764,10.322,50.119,65.103,1.0715,3.9725,0.10163
10.564,17.987,136.72,156.43,0.23834,3.8658,0.025312
18.818,10.327,131.09,181.36,1.2623,3.5936,0.063934
10.42,7.2379,62.74,61.523,0.068194,3.3467,0.048595
16.545,15.142,34.307,172.62,1.7512,3.2715,0.14136
14.593,9.0116,60.843,103.84,0.67461,1.2609,0.051795
19.031,14.557,14.065,118.2,0.11892,1.5076,0.036186
23.694,9.3213,10.845,133.19,0.75322,1.4395,0.061747
11.491,17.368,61.855,119.11,1.0751,3.4525,0.094669
19.208,7.4934,10.698,52.105,0.73188,3.1546,0.12451
13.188,9.3081,100.29,91.816,0.64386,1.4663,0.043146
17.753,10.904,134.29,184.36,1.3509,1.7566,0.064953
29,6.6448,38.973,143.7,1.1317,1.823,0.063079
11.423,15.213,16.933,73.767,1.5635,3.4221,0.19229
15.301,5.216,95.118,184.38,0.68806,2.601,0.048006
22.555,7.1724,123.55,117.01,1.9497,3.5013,0.088979
16.802,6.3383,52.526,142.44,1.0431,3.4759,0.086877
25.279,10.846,56.697,192.15,0.30083,2.0011,0.026117
21.074,6.7563,32.459,132.54,0.7971,3.4941,0.078127
13.7,17.969,27.684,125.12,1.5333,2.6931,0.14295
17.791,18.576,134.17,123.52,0.99678,2.5877,0.049349
28.194,14.921,118.61,136.79,0.93931,1.6593,0.037372
22.052,17.93,37.651,77.639,0.2513,2.9367,0.047655
18.746,9.5492,113.25,141.89,0.085935,3.5065,0.02783
17.386,9.1115,135.4,149.2,1.9958,3.5031,0.099166
25.827,10.8,86.114,148.49,1.6445,2.786,0.077982
25.633,17.794,120.36,198.15,0.97123,3.6213,0.044683
16.677,5.4681,79.21,80.798,1.6551,1.7928,0.10425
23.55,14.761,105.46,169.08,0.47468,2.4322,0.026658
28.728,9.0871,39.276,86.166,1.5516,1.9942,0.083637
22.061,9.6337,22.244,77.602,0.46176,3.7276,0.091306
28.738,5.6573,93.111,54.782,0.84981,2.5647,0.041343
26.807,18.57,45.729,143.75,1.5346,2.688,0.082428
27.943,14.283,57.282,105.21,0.17379,2.1265,0.026946
13.748,15.12,111.25,171.58,1.828,3.4629,0.10943
20.974,12.721,23.256,52.331,1.905,3.5292,0.14771
28.7,9.8135,62.154,196.01,1.5665,1.6367,0.073343
29.183,10.174,61.202,189.53,1.3854,3.1498,0.070669
26.007,13.393,23.605,139.05,0.08618,3.2729,0.06132
23.193,15.706,41.779,139.92,1.449,2.0327,0.086557
10.655,12.645,117.84,176.54,1.4139,3.3735,0.095068
16.613,9.3186,90.739,187.05,0.53373,3.6705,0.042938
17.322,14.763,142.49,72.502,1.9644,1.5815,0.090401
26.575,5.6734,92.709,124.07,1.1289,2.9006,0.055481
19.962,5.7979,82.123,58.944,1.6873,2.784,0.097265
23.82,19.308,97.282,147.08,0.35389,2.4247,0.022772
26.848,7.6982,116.74,124.54,1.3832,3.7433,0.061643
13.253,8.3862,15.859,114.21,1.3323,3.614,0.17026
16.895,12.066,136.74,54.088,1.8209,1.9839,0.088217
23.822,9.9772,81.729,52.617,0.67222,3.86,0.057917
25.01,11.233,98.597,100.09,1.153,3.8785,0.058943
22.317,15.892,127.36,72.587,0.21769,1.4841,0.015366
15.94,9.1265,83.978,113.54,1.6559,3.3784,0.1077
15.475,15.049,24.217,142.35,0.69479,3.0085,0.078098
15.906,10.877,65.128,152.06,0.41393,3.1736,0.042672
26.386,7.8971,81.977,188.97,1.2058,1.5945,0.056554
18.208,18.885,70.071,177.96,0.74616,3.0947,0.051843
21.773,18.871,67.735,65.13,0.1111,2.1521,0.025546
14.813,18.862,59.997,84.171,1.005,3.4097,0.079097
17.005,6.9948,143.15,118.8,0.14061,3.1182,0.024273
28.634,7.1909,101.24,66.335,1.3879,2.8768,0.060908
10.874,11.551,148.07,169.69,0.6895,1.1464,0.039975
14.504,8.7878,94.193,137.15,1.3087,1.1803,0.080933
28.81,14.766,56.757,63.88,1.0078,2.5928,0.053707
17.582,14.739,49.552,165.34,1.8444,1.992,0.12425
26.269,7.3608,27.405,168.15,0.83,3.062,0.068951
23.154,6.9291,11.314,152,1.5278,3.5257,0.1373
24.939,8.3461,138.76,191.68,1.0195,3.3632,0.045054
20.449,15.965,88.154,142.61,0.1268,2.4784,0.022571
14.598,16.155,87.229,100.61,0.82461,2.5229,0.056131
12.579,11.749,50.996,82.225,0.48056,1.7898,0.046831
27.832,14.271,141.41,137.92,0.50144,1.3076,0.019665
20.927,16.392,106.81,116.4,0.79884,2.7022,0.042376
14.112,9.1437,81.793,191.53,0.45828,3.8588,0.04564
23.788,16.685,101.97,156.18,1.1609,2.5097,0.054642
27.575,9.2244,43.969,108.94,1.8095,3.108,0.10132
27.061,5.4734,98.623,106.8,1.8401,2.4092,0.080771
20.398,14.39,57.07,164.95,0.6538,1.9333,0.043682
22.922,8.5423,24.404,115.05,1.9436,3.0967,0.14004
23.189,13.557,12.775,98.915,0.07267,1.7942,0.044887
13.813,14.419,117.61,117.39,0.6294,1.8761,0.038481
11.565,6.3417,110.98,75.792,1.8356,2.289,0.12146
11.594,10.211,126.45,135.82,1.5598,3.125,0.097373
21.819,11.425,65.136,106.55,0.84605,1.6568,0.049615
19.935,5.7371,89.074,55.98,1.7446,3.5801,0.099841
16.765,19.829,143.67,196.1,0.31544,1.0088,0.015828
14.964,16.338,42.667,101.94,0.45186,2.3453,0.046028
15.189,5.1905,136.41,101.87,0.26445,2.1642,0.019457
26.812,19.547,140.93,81.99,0.75052,3.9546,0.035943
12.442,14.317,91.111,164.14,0.97981,1.6614,0.067029
12.883,15.045,122.34,145.28,0.94321,3.8334,0.06062
21.83,9.8096,105.74,84.012,1.4978,3.9944,0.077194
15.395,6.4289,107.49,189.78,0.49174,3.804,0.039417
19.596,5.2743,119.1,182.38,1.5415,3.0574,0.078149
27.353,6.6672,97.655,137.08,0.42739,1.1091,0.020177
18.891,12.447,50.221,98.987,0.36341,3.8014,0.055748
28.804,18.545,10.113,138.72,1.3658,1.2216,0.079152
29.928,11.922,123.29,97.169,1.1743,2.4328,0.045781
21.049,7.322,92.214,76.297,0.89091,2.6129,0.050948
19.238,19.584,149.46,175.12,1.4919,1.5999,0.063328
10.727,14.424,90.857,78.291,0.72955,2.9097,0.059023
27.826,6.8813,50.09,88.028,1.0571,3.4623,0.067226
15.996,13.258,71.182,168.15,1.9722,3.0693,0.12991
29.403,5.8766,135.73,64.395,0.24664,2.8922,0.034856
17.402,9.5256,121.4,97.936,1.2149,2.3859,0.064054
15.852,6.0576,89.874,174.86,0.53262,1.5126,0.035583
21.206,15.941,78.932,80.314,1.91,3.2871,0.10327
11.601,14.107,146.43,190.74,1.915,1.992,0.10556
28.024,7.2121,77.659,50.055,0.62998,1.5141,0.031603
21.858,5.8054,58.855,148.64,0.094336,1.1676,0.015668
11.43,16.022,146.32,52.351,1.5048,1.0999,0.082384
12.352,19.581,135.07,89.195,1.9881,2.0404,0.10908
15.846,15.77,114.04,78.087,0.37779,2.3018,0.025441
10.912,17.944,119.35,148.32,1.5707,2.3005,0.098533
16.956,6.5906,124.72,58.308,0.012148,1.8251,0.023813
28.855,17.854,63.992,151.14,1.3496,2.8243,0.065313
18.789,5.1575,125.21,194.19,0.28323,2.4484,0.020587
21.612,10.974,71.441,93.948,0.27461,3.8583,0.045035
17.201,11.357,15.787,175.55,0.15128,1.9414,0.04493
28.92,13.038,34.294,178.18,0.58978,3.7086,0.059127
11.628,15.8,34.417,168.12,0.46401,1.6214,0.05096
14.323,14.529,63.459,196.5,0.093128,1.6962,0.019405
27.497,11.974,10.429,119.02,1.6481,3.6157,0.12465
16.021,11.566,126.42,85.401,1.0142,1.5564,0.053308
13.03,10.851,148.98,186.02,1.6536,3.8622,0.090752
27.877,7.5769,105.66,176.15,0.4751,2.3029,0.025001
10.501,9.6904,147.22,90.297,1.1435,2.835,0.069812
28.031,8.0673,106.99,109.41,0.12571,2.8672,0.024802
23.76,9.7433,90.019,94.518,1.619,2.0965,0.078186
23.976,8.012,145.04,145.01,1.1964,1.2511,0.047379
20.888,9.9404,15.698,176.92,1.4187,3.5809,0.12735
20.018,9.0102,70.01,199.21,0.9459,1.4825,0.05603
13.178,14.138,116,90.251,1.9339,3.32,0.11592
21.457,16.286,50.188,117.53,0.18872,1.3204,0.018563
24.698,9.4828,91.289,103.19,1.4274,2.0815,0.067683
24.369,12.023,21.718,199.3,0.18761,3.1755,0.058399
28.241,13.289,82.793,62.962,1.3703,1.899,0.060714
22.038,15.475,101.95,79.776,0.91936,1.473,0.044148
18.436,17.461,55.126,139.41,0.24537,1.7535,0.023861
28.752,17.163,115.41,148.28,0.096853,2.2441,0.016379
24.51,8.7025,98.558,70.857,1.6799,3.51,0.081179
19.061,5.1227,144.62,109.21,0.79688,2.4633,0.039496
22.363,14.813,29.976,60.501,0.43664,1.3574,0.034236
10.863,18.009,81.555,74.834,1.5325,1.4049,0.11224
11.298,12.431,77.509,150.87,0.62697,1.9705,0.051877
28.182,7.7788,114.81,117.55,0.16984,1.6211,0.013174
21.178,5.6037,141.49,149.26,0.32732,2.3144,0.019267
16.513,10.993,123.44,63.49,1.3106,2.7005,0.070354
10.062,8.989,54.394,147.7,0.9209,2.8695,0.096054
26.037,16.903,13.473,134.17,0.54618,3.4687,0.075609
23.771,5.983,64.173,140.59,1.9972,2.9831,0.11075
14.583,18.539,43.737,63.838,0.4347,2.4386,0.045226
28.185,14.267,72.718,79.067,1.1884,2.9976,0.059214
15.354,18.985,121.91,113.58,0.93944,1.9189,0.05085
18.787,7.0812,48.502,96.029,0.33309,2.4818,0.041259
11.732,7.4072,30.787,189.03,1.4354,3.0247,0.15975
17.17,10.592,11.155,63.569,1.5766,2.3419,0.15555
11.992,11.785,102.32,170.87,1.0667,2.58,0.073379
22.594,17.026,36.856,146.98,0.39314,2.2339,0.036824
14.714,18.924,11.214,90.831,1.0404,2.3924,0.11178
20.471,19.824,56.533,100.52,0.94743,3.2406,0.063806
23.399,9.2587,48.156,169.34,1.4345,1.5539,0.083076
26.674,15.838,143.46,75.45,0.2685,3.5593,0.034838
28.634,11.624,65.835,134.63,1.4034,1.7801,0.065581
10.571,16.692,149.46,192.19,1.9788,2.4627,0.11186
12.56,15.101,113.96,119.66,1.748,3.2748,0.10815
22.344,17.536,57.093,91.223,0.77177,1.241,0.044019
27.312,5.0644,34.091,115.31,1.305,2.1091,0.079458
17.522,9.5017,82.257,116.2,0.95664,1.0187,0.056476
13.429,13.713,114.23,95.534,1.4024,3.414,0.086465
27.04,16.294,102.02,67.658,1.4043,2.8154,0.061214
10.765,14.643,56.295,79.273,0.43481,1.2307,0.041126
29.612,14.156,147.66,81.014,0.49596,2.5539,0.024229
24.257,13.245,26.056,88.98,0.4378,1.9365,0.042079
29.463,11.158,142.47,96.379,0.020667,1.9302,0.016945
13.104,13.178,73.033,199.11,0.52466,3.6476,0.050584
12.061,18.805,69.805,173.53,1.056,3.6125,0.086335
17.056,18.673,93.709,110.02,0.26597,1.1265,0.017087
18.021,9.4066,138.76,139.36,1.0901,3.345,0.055636
16.548,5.4362,71.836,64.289,1.3508,1.3348,0.088313
13.993,10.604,97.83,129.52,1.2129,3.5392,0.081591
24.039,8.7466,90.062,108.93,1.4547,2.03,0.07037
11.573,5.3483,52.056,95.335,0.35223,3.5828,0.060035
23.119,18.439,47.932,178.48,0.41758,3.8925,0.049891
18.287,10.407,124.57,84.435,1.003,3.243,0.053914
26.637,8.9809,23.529,109.17,1.5839,3.8106,0.11358
21.365,19.819,93.615,190.7,1.5247,1.5568,0.073064
20.335,14.002,131.65,146.02,1.9993,1.3875,0.087186
15.867,8.4219,28.142,121.53,0.36214,3.016,0.066401
16.516,8.4583,86.442,168.59,1.3735,1.1472,0.081602
21.452,13.381,60.816,199.06,1.8546,1.7796,0.10371
26.65,9.1945,133.18,76.269,1.699,3.4201,0.068976
13.783,16.678,45.522,196.78,1.6216,2.4939,0.13151
28.314,17.875,29.015,65.148,0.037293,3.185,0.058693
26.333,10.212,78.398,67.433,1.5478,1.8559,0.072929
26.488,18.891,130.91,75.959,0.38221,1.1511,0.016052
20.969,18.628,125.97,51.428,1.4106,1.73,0.06234
21.785,14.093,135.37,190.83,1.5848,3.5085,0.070461
21.203,11.479,45.179,50.104,0.86131,3.6257,0.07051
11.353,8.6905,34.789,100.99,1.4556,1.8646,0.15126
14.747,17.263,40.902,70.949,0.75646,2.9965,0.071639
28.716,19.544,94.722,113.97,0.7293,2.9933,0.035784
16.295,9.4305,51.376,182.86,1.8142,2.4787,0.13296
14.143,9.5351,33.829,53.873,1.9229,3.351,0.18047
23.465,15.556,68.92,176.11,0.96257,3.4617,0.057913
18.748,19.94,11.246,179,0.5504,1.1005,0.047597
13.042,9.2513,134.44,121.94,1.5683,1.5112,0.087119
24.626,17.794,21.458,86.993,1.3731,3.8743,0.10271
29.701,12.15,136.84,130.21,1.7793,1.0715,0.061691
12.574,10.904,64.743,161.1,1.2037,1.0717,0.092129
17.753,12.806,106.54,58.512,0.15217,2.2188,0.028184
18.604,6.2163,40.575,148.9,0.93534,3.186,0.08121
22.28,8.3014,45.389,185.09,0.47161,3.4304,0.052795
24.048,14.916,109.54,181.78,0.87915,2.6884,0.042309
29.806,7.3318,57.155,193.6,0.83416,2.6634,0.047278
10.595,12.458,135.22,180.01,0.41857,3.1648,0.031507
23.994,16.916,33.883,119.11,1.777,1.4275,0.10294
28.793,5.1675,71.433,50.039,0.46903,3.121,0.053659
23.883,6.3985,55.72,89.768,0.083199,3.2778,0.04833
16.497,15.035,143.26,128.27,0.94624,2.9481,0.048623
23.313,12.542,122.68,84.522,0.86806,3.1271,0.042245
21.105,13.837,20.528,88.251,1.3485,2.764,0.10694
20.674,11.465,55.334,120.89,1.5298,3.9894,0.10207
15.3,5.533,28.845,168.81,0.90789,2.6889,0.095205
14.618,10.311,104.79,71.714,1.0209,3.0841,0.065704
21.906,15.278,118.7,125.92,0.63899,3.4964,0.035744
23.216,17.554,12.671,138.06,0.228,3.5213,0.075243
16.75,7.1235,121.13,114.42,1.2162,3.7919,0.069551
22.729,8.8566,107.77,57.166,1.3818,2.0895,0.065175
20.838,10.603,136.77,83.321,0.15763,1.0928,0.010757
22.538,16.178,54.791,190.55,0.57786,1.3731,0.034952
20.282,9.3773,147.01,108.13,1.1847,2.7141,0.053731
22.317,7.2777,49.18,134.14,1.466,1.1191,0.086408
26.032,19.566,126.2,110.96,0.84497,1.1617,0.033216
25.741,13.515,81.235,144.51,0.61838,3.2414,0.038347
16.733,16.94,56.712,182.5,1.6096,1.1507,0.10412
18.05,9.9579,68.013,194.78,1.2727,3.5741,0.086824
25.766,16.096,113.83,130.76,0.88959,3.5512,0.04291
19.891,6.9957,121.69,192.22,0.47554,1.3832,0.024631
20.682,19.74,75.6,58.505,1.3644,3.6127,0.07896
19.924,19.418,35.623,93.149,1.5125,3.8511,0.11088
23.425,5.8731,50.578,77.908,0.088132,1.8387,0.029955
13.409,10.28,136.34,151.57,0.20032,3.379,0.022958
19.369,11.322,105.63,153.1,1.3187,2.9003,0.070037
20.503,16.225,81.667,78.692,0.83965,3.2124,0.051821
23.729,10.135,53.107,193.36,0.77407,1.0785,0.043984
22.671,11.322,61.172,134.79,0.9244,1.9433,0.054468
14.513,19.198,28.755,67.391,0.98487,3.2446,0.09769
16.219,10.364,96.187,51.156,1.2977,3.5379,0.081493
12.027,12.827,91.534,138.25,0.9092,3.9001,0.071136
13.646,5.4519,97.706,133.91,1.2845,3.5145,0.088983
17.903,13.721,21.884,115.6,1.7434,1.6207,0.13859
11.892,15.986,103.5,78.193,1.262,2.4046,0.083664
16.287,14.956,88.684,146.22,0.24975,3.0221,0.028449
23.606,7.6715,126.03,189.52,1.8985,1.5989,0.079556
14.354,9.1171,52.088,51.278,1.1729,2.1897,0.096416
13.728,17.485,31.643,108.92,0.2995,3.0386,0.054969
25.002,5.4598,29.915,52.234,1.6174,1.1414,0.099508
23.324,10.377,122.42,118.4,0.050668,1.6558,0.01282
24.218,16.083,131.76,132.34,0.20646,3.9143,0.026456
24.774,12.283,105.08,52.079,0.069437,1.3433,0.018332
11.533,7.1302,42.685,141.17,1.0603,3.7909,0.11851
22.338,8.1027,42.82,153.48,0.074733,2.9901,0.046468
20.145,19.483,130.64,122.87,1.5194,1.74,0.066982
23.525,17.337,92.067,163.9,1.8537,2.9127,0.087854
10.379,19.025,13.744,77.651,0.96893,3.3844,0.13802
19.137,18.377,69.6,124.13,1.7486,2.8995,0.10291
15.846,15.565,44.37,93.752,1.5492,3.468,0.12346
26.124,14.446,122.07,88.066,0.463,2.1432,0.022569
19.064,10.177,85.68,125.08,0.58286,3.1106,0.041402
28.682,16.081,93.033,139.13,0.74529,2.3598,0.034915
20.188,14.562,73.11,189.31,0.91873,2.6613,0.056305
10.825,8.0049,104.01,170.33,0.029173,3.2895,0.028072
21.35,16.015,98.864,148.13,1.7747,2.9977,0.087736
12.413,14.615,72.612,157.06,1.2978,3.0351,0.10037
11.177,18.928,33.517,83.593,1.0305,3.0201,0.1106
23.356,9.2628,41.51,62.219,1.8275,1.6873,0.10952
14.972,15.555,100.79,151.44,1.6742,3.1819,0.10037
10.389,6.3752,138.92,137.56,1.1091,3.7924,0.073374
13.989,16.231,27.743,128.8,0.62934,1.5615,0.06169
29.608,15.248,125.59,156.92,1.3788,2.5926,0.052458
13.777,17.424,88.336,123.95,0.40574,2.5832,0.033026
26.156,15.762,86.686,103.27,0.40502,2.9313,0.028789
10.002,5.1056,89.776,126.98,1.7849,3.4996,0.14495
25.503,7.2847,62.308,168.22,0.70452,2.9353,0.046424
28.639,5.829,113.43,63.998,1.5143,2.3905,0.062036
10.9,6.7261,33.06,176.3,0.54312,1.9432,0.068678
22.122,19.899,148.27,151.62,1.5151,1.8252,0.060397
29.08,14.437,40.327,111.66,0.029738,1.1299,0.017063
13.605,11.643,110.71,80.07,1.691,2.1694,0.10133
26.751,7.4086,91.741,162.26,1.0577,2.388,0.050438
17.591,10.038,46.28,63.984,0.75022,1.4388,0.056438
16.335,10.131,124.82,92.184,1.744,1.8041,0.089888
25.509,15.523,12.516,141.38,0.031505,3.0517,0.065763
27.558,13.791,98.388,114.77,0.45482,3.354,0.03022
15.753,13.045,51.787,188.66,0.66729,1.7119,0.052339
20.905,6.4164,29.202,66.153,0.62177,3.4379,0.083444
20.271,9.8998,147.27,179.97,0.43923,2.5547,0.023487
17.06,17.656,46.403,178.92,1.1656,3.1582,0.088592
16.87,12.611,36.943,51.391,0.048484,2.6501,0.050805
15.524,5.3702,133.39,154.44,0.68241,2.2642,0.039043
11.6,18.505,20.133,61.903,1.9386,2.1739,0.20592
16.272,16.975,120.89,133,1.7265,3.3939,0.091579
10.128,5.4412,12.515,187.99,1.4229,2.6152,0.21567
20.492,8.4506,19.194,125.34,0.23408,3.9693,0.094981
11.41,10.161,102.62,59.004,0.25703,2.9114,0.038499
24.93,11.51,47.664,170.79,0.80361,2.8244,0.054026
25.402,8.8358,28.405,191.17,0.75662,3.9812,0.076961
16.819,8.3,43.247,184.93,1.9822,3.8533,0.15679
22.764,16.527,60.137,125.62,1.5687,1.0868,0.08243
11.049,14.453,121.96,98.513,1.9656,1.4747,0.12027
22.334,18.152,21.911,96.308,1.1814,1.9094,0.082477
13.361,14.802,19.442,100.98,0.48857,3.2738,0.082219
15.98,5.4628,17.817,112.82,0.37316,1.8127,0.057575
11.325,6.5196,16.987,100.02,0.14374,3.7135,0.11439
16.236,19.273,62.868,138.77,1.4848,3.6613,0.10324
21.978,8.3491,64.756,153.44,0.26252,1.5174,0.021052
28.772,12.835,133.14,55.172,1.6165,2.3427,0.060347
16.931,13.349,60.43,163.57,1.7774,3.5205,0.12268
14.881,7.2905,126,115.34,1.5159,3.6295,0.08702
20.042,19.77,129.21,135.54,1.5804,2.052,0.07056
20.038,6.1793,81.382,88.282,0.1118,2.905,0.032722
22.338,13.17,95.333,62.221,1.7118,2.9281,0.084945
15.433,14.328,18.472,66.013,1.3981,1.8248,0.13095
18.439,6.0465,21.502,104.87,0.24178,3.0336,0.078165
14.379,15.907,11.209,85.592,1.1221,2.6559,0.12765
24.845,7.0392,65.075,173.69,0.39149,3.1609,0.038739
23.393,12.369,63.799,58.977,1.5483,1.4434,0.081639
19.711,10.906,120.24,60.775,0.47232,1.2417,0.02414
11.58,19.349,38.66,189.11,0.67948,3.8799,0.079989
16.863,13.334,95.746,59.513,1.8129,1.6037,0.10089
25.754,17.541,146.1,102.16,1.4236,1.6447,0.052935
10.309,6.6269,85.106,81.507,1.7075,3.7326,0.14074
16.675,9.6636,10.406,120.37,0.97044,1.7865,0.10213
23.662,8.9792,89.87,186.68,1.8569,1.1927,0.086584
22.526,19.351,82.295,192.24,0.54404,2.581,0.033128
28.224,7.0749,125.75,82.203,0.8755,3.6258,0.04045
24.086,6.1674,95.344,124.55,0.48287,1.0774,0.02426
26.93,6.7951,87.058,52.229,1.1759,2.8666,0.058189
24.94,16.734,138.31,96.489,0.20209,1.8433,0.015546
28.15,6.5342,120.57,66.663,1.5359,2.9862,0.063269
25.462,5.3063,34.764,189.8,1.6673,2.4196,0.10342
12.173,7.5196,26.118,63.358,1.945,1.858,0.2075
21.98,15.908,44.27,177.83,0.80158,1.9318,0.0525
23.076,19.678,26.707,108.77,1.0365,2.5233,0.072783
16.5,9.018,130.81,79.591,1.0774,2.6544,0.057667
29.265,9.6498,47.2,90.436,1.1146,2.1346,0.05989
14.915,19.422,46.581,151.43,0.99515,2.2833,0.07884
21.356,18.212,122.98,141.96,0.31996,1.2675,0.016148
16.263,18.883,63.023,141.1,0.11403,3.982,0.044577
23.339,5.4349,30.704,142.57,1.1449,1.0899,0.074684
24.231,19.379,45.726,82.106,0.36378,3.3954,0.048182
10.801,9.0049,145.39,96.374,0.24375,2.8221,0.025216
22.907,5.7977,135.63,181.16,1.519,3.5767,0.068062
19.634,8.0032,22.701,61.264,1.5566,2.2218,0.12682
26.541,7.2484,112.61,72.195,1.6769,2.6361,0.071673
29.223,10.391,140.74,61.324,0.13386,3.8978,0.04516
22.989,10.206,93.502,113.09,0.43525,1.1135,0.022707
13.069,11.617,132.75,106.01,1.2755,2.1634,0.072466
26.744,6.3899,27.582,164.95,1.3206,2.133,0.083999
12.156,18.674,97.024,143.57,1.2123,2.456,0.081059
21.535,10.231,82.6,197.32,1.9657,3.976,0.10753
27.923,16,103.06,161.24,0.87183,2.1989,0.038238
14.358,19.234,141.89,182.24,0.21289,1.1739,0.012606
13.274,5.1522,19.765,129.12,0.18336,2.8223,0.078007
11.122,6.1075,90.615,148.72,0.48314,2.0536,0.040717
12.535,5.2642,72.395,160.91,1.3634,3.6425,0.11276
12.796,5.3658,45.4,171.63,1.0614,3.8046,0.11093
25.387,12.22,110.49,110.71,0.88235,3.8271,0.045163
21.576,7.1325,110.07,167.54,1.3858,2.1809,0.067108
12.555,5.9596,79.651,146.14,1.0471,1.9436,0.079494
27.098,18.209,38.362,51.352,0.4361,1.9531,0.033572
16.879,17.199,89.952,170.01,0.17236,1.5764,0.015321
22.59,14.051,114.01,59.58,1.5969,1.4818,0.070456
24.759,11.439,133.38,163.56,0.37497,1.9091,0.018584
16.415,14.384,60.664,116.3,1.8777,1.8607,0.12437
14.892,9.6491,139.67,188.13,0.15295,3.3426,0.021852
12.615,14.075,71.624,119.22,0.25404,2.7971,0.032683
12.643,9.0665,71.75,67.3,1.8882,2.5499,0.14385
18.906,16.692,75.744,96.288,0.33763,1.0674,0.021406
24.175,18.722,67.915,140.77,0.95436,3.7487,0.057435
19.938,15.42,108.51,189.13,0.0091872,2.6207,0.019923
18.259,8.24,86.095,144.22,1.1042,3.5882,0.070809
10.099,5.3058,118.51,68.763,0.28527,1.9612,0.024082
28.095,9.6709,12.226,142.12,0.38554,1.8264,0.04667
10.534,15.817,117,174.6,1.6454,3.2936,0.10863
12.411,5.0196,13.909,107.65,0.013996,1.5034,0.050561
13.009,13.907,68.644,127.32,0.55396,2.7785,0.049501
21.703,5.481,21.003,68.239,0.33634,2.5725,0.073599
26.827,5.9768,36.762,95.962,1.892,1.7343,0.10703
22.508,16.151,43.844,81.001,0.31201,3.4695,0.052914
11.88,9.2617,101.45,196.97,1.7345,1.0904,0.11343
25.219,15.811,96.642,184.43,0.9277,3.2767,0.046953
10.143,7.519,22.803,79.023,1.8845,3.5483,0.24954
12.746,7.2224,15.389,149.11,0.36953,2.9361,0.087655
27.131,16.713,79.165,178.01,0.54931,3.9021,0.039133
29.811,9.0245,56.171,62.667,0.43185,3.3011,0.049349
17.301,18.4,33.103,73.103,1.8916,2.5524,0.14247
10.367,19.278,27.092,112.9,0.54036,3.681,0.082715
27.904,5.2502,137.23,166.33,1.9186,1.2258,0.070345
15.703,13.522,145.88,123.22,0.54794,1.3873,0.028004
13.104,10.939,70.745,90.322,0.85049,2.8432,0.069784
18.936,10.982,14.798,51.804,1.9589,2.6283,0.17024
28.248,18.185,50.672,98.624,1.5583,2.1832,0.077216
27.647,11.374,75.293,113.85,0.91042,3.0863,0.04902
11.912,12.448,28.202,160.02,0.51932,2.775,0.071019
14.552,7.7487,18.821,193.27,1.2485,1.8742,0.1288
12.744,9.4492,143.93,78.34,0.47441,2.9805,0.031356
10.086,8.3596,53.342,61.725,1.3906,3.1007,0.14137
27.036,12.964,89.847,133.86,1.7178,2.339,0.075922
17.668,6.5166,52.706,139.3,0.74388,1.6665,0.055619
22.865,14.316,70.205,166.5,0.55815,2.4341,0.036061
16.295,7.1647,114.04,174.08,0.13653,2.5964,0.020619
24.879,18.314,110.89,175.36,0.32571,1.6037,0.016937
27.639,15.873,36.187,119.29,1.7671,3.394,0.10109
26.859,12.957,39.342,130.71,1.6866,1.646,0.09057
24.335,11.908,75.977,179.4,1.8851,2.885,0.095043
26.128,10.682,54.995,110.23,1.4379,1.5792,0.074507
19.8,19.208,29.589,68.116,1.2619,2.316,0.091891
24.155,16.673,101.34,129.45,1.236,2.5063,0.05745
19.707,11.489,138.32,66.522,0.854,1.0879,0.038402
20.209,16.151,48.549,194.56,0.23361,3.308,0.042475
25.314,18.952,33.705,131.11,0.41642,1.0593,0.026582
22.032,13.945,75.64,141.11,1.4469,2.2243,0.077155
21.952,10.249,27.058,113.86,1.0935,1.3813,0.076275
11.63,11.856,104.75,93.419,0.99843,1.1754,0.065844
11.472,19.774,57.05,100.68,1.5033,2.9396,0.12674
27.657,18.256,62.668,126.78,0.49152,1.492,0.026418
23.172,9.1491,32.064,88.343,0.59742,1.0177,0.040738
14.573,8.8422,147.43,150.52,1.2383,3.9155,0.067731
19.843,13.151,93.594,95.154,0.25954,2.6567,0.024909
12.981,17.201,84.02,88.782,1.4371,2.5025,0.098672
27.88,9.314,74.73,192.61,1.8527,2.489,0.08594
27.547,6.8647,26.016,81.986,1.1482,2.3991,0.07755
17.481,15.59,73.784,163.19,1.859,3.4614,0.11556
10.797,14.582,134.32,194.93,0.021908,3.9318,0.025581
17.711,13.274,81.44,109.95,1.9178,3.5662,0.11573
19.534,5.7374,64.583,181.67,0.61487,1.9606,0.043042
19.226,10.509,108.94,123.22,1.8829,1.8046,0.09368
24.908,18.598,91.837,186.36,0.11337,2.6702,0.022211
10.059,8.5017,67.049,72.973,1.0706,1.9348,0.096937
24.173,5.9609,43.487,138.06,0.0067384,1.5672,0.025171
19.824,6.9955,27.189,142.47,0.62836,1.2636,0.051444
18.176,8.2963,98.283,92.348,1.3085,1.5804,0.071579
11.892,11.265,88.154,187.75,0.22089,2.6582,0.026834
12.226,9.9236,29.412,85.403,0.69288,3.7863,0.098595
27.766,11.297,20.426,168.51,0.79345,2.2388,0.058008
29.479,17,25.201,85.684,0.089625,3.8799,0.072719
26.033,14.123,117.2,194.09,1.9781,2.6877,0.08097
19.918,12.391,37.435,87.956,1.4218,3.9629,0.11058
16.692,6.3741,58.339,83.025,1.2632,2.1346,0.091582
27.747,8.3634,134.71,113.98,1.5939,3.5748,0.063855
18.542,8.7587,22.838,138.33,1.1875,2.5617,0.10563
28.281,14.522,79.951,149.49,0.17272,1.1224,0.011638
25.031,18.849,19.309,98.564,0.10872,1.2038,0.024004
21.471,5.7455,13.832,115.88,0.47711,1.3819,0.0498
22.607,11.531,25.4,121.46,1.8038,2.6975,0.12599
24.613,12.547,92.349,197.14,1.0632,2.8189,0.053182
25.286,11.528,111.16,140.09,1.293,1.5301,0.054963
27.53,9.5502,59.908,87.754,1.9355,1.5769,0.093338
11.957,7.9908,23.443,154.07,1.2141,3.1291,0.14864
27.811,15.139,130.74,140.4,1.57,2.6099,0.060281
10.089,13.374,71.421,79.792,0.77026,2.9406,0.071745
21.713,12.547,34.449,164.95,0.76535,3.9316,0.072998
28.722,16.273,72.094,183.91,1.8188,2.12,0.080384
12.326,17.741,57.758,128.77,0.37246,1.6262,0.034494
20.609,14.518,43.708,62.643,0.22215,2.822,0.045878
27.795,16.432,53.891,123.6,1.9091,2.9377,0.095816
19.706,11.647,36.093,115.73,0.97624,3.5834,0.083849
24.329,6.6764,22.568,143.05,1.1512,2.385,0.085996
20.909,14.435,91.1,55.702,0.96385,1.4816,0.049815
25.088,12.614,50.792,169.02,0.47598,1.5781,0.030451
26.174,19.622,37.421,60.001,1.1502,2.7496,0.069551
29,18.372,133.02,65.006,0.42807,1.5009,0.017576
22.923,10.48,26.317,77.052,0.80475,1.2694,0.056516
23.675,8.1912,148.03,132.03,1.838,2.9955,0.074682
24.87,6.5939,76.468,106.77,1.7676,2.3353,0.088919
23.365,13.905,49.99,159.23,0.74106,3.3869,0.055202
11.471,5.1106,118.64,198.91,1.7779,3.5924,0.1176
23.952,10.573,75.19,182.75,0.16604,3.9917,0.041026
27.397,14.823,105.2,50.011,0.82363,2.4291,0.037585
17.765,11.379,13.746,117.81,0.21161,1.1293,0.032089
21.122,8.8538,113.44,141.69,1.4525,3.1398,0.072043
20.075,12.423,119.11,183.92,1.523,3.0011,0.07422
29.562,13.518,131.71,67.561,0.2403,3.911,0.042655
26.799,11.144,48.93,59.347,1.2536,3.7573,0.077752
18.303,11.532,145.92,156.73,1.2708,3.7047,0.061907
27.432,14.314,38.084,71.407,1.5501,1.7404,0.083366
17.389,7.5624,73.895,101.16,1.4912,1.2939,0.09186
27.805,17.73,119.41,62.314,0.90175,2.816,0.03878
17.089,14.174,92.522,163.86,1.6863,2.371,0.09602
27.656,13.432,97.199,124.04,1.4433,2.6403,0.06296
25.689,6.2988,137.67,116.95,1.9979,3.1827,0.08047
21.168,15.879,127.27,71.424,0.83476,1.8195,0.038543
16.294,17.958,106.51,137.25,0.42172,2.5203,0.028539
18.501,16.879,116.05,85.955,0.77176,1.9542,0.040207
19.619,10.931,32.125,91.776,0.57091,1.7292,0.048412
22.85,18.643,36.087,193.54,1.1375,1.5805,0.069287
24.085,12.824,56.466,147.74,0.049527,1.0668,0.013278
25.97,16.625,106.43,66.172,1.583,3.1284,0.069345
28.931,13.317,149.41,94.703,1.3122,3.836,0.050334
14.493,19.116,33.887,197.23,1.9139,1.525,0.15302
11.086,16.628,86.441,90.231,1.2075,1.9483,0.08834
18.667,9.0882,97.659,176.42,1.0291,3.6652,0.062446
13.486,6.459,35.367,173.01,0.06263,1.0305,0.019337
29.349,15.053,16.956,183.21,1.9532,1.6608,0.10815
11.681,14.032,112.65,103.83,0.90274,3.7384,0.063627
10.064,12.57,30.225,126.51,1.1364,2.9265,0.13753
14.139,14.224,55.846,101.03,1.1824,3.0638,0.096091
13.329,10.936,117.61,147.83,0.79253,3.0764,0.051792
14.753,12.673,29.005,192.33,0.082862,1.9372,0.034731
16.435,12.34,39.028,192.25,0.88935,3.4625,0.082246
10.35,5.6821,85.711,168.28,1.0277,2.3369,0.084656
19.827,16.128,80.752,148.98,1.8877,3.398,0.10528
18.755,10.676,140.7,63.547,1.5178,3.4114,0.072688
26.085,16.225,55.498,139.37,0.95294,2.5468,0.053948
19.602,9.2083,34.642,113.6,1.7553,3.6216,0.13522
19.792,7.1004,110.48,140.94,1.1661,1.585,0.058596
11.267,12.803,141.58,59.585,0.30023,2.9398,0.03386
21.676,10.956,104.1,96.85,0.43903,1.7225,0.024455
17.728,13.281,58.541,55.025,1.1169,1.2004,0.072394
21.639,16.791,102.67,121.38,0.38006,3.8845,0.03242
20.701,7.302,100.39,187.18,0.10436,1.0452,0.0094151
13.927,6.097,30.674,129.16,1.1097,3.9438,0.1273
13.257,6.1773,32.914,73.49,1.4368,2.3388,0.1443
20.202,6.8287,133.63,140.77,0.58051,1.187,0.027473
12.871,16.53,35.912,60.195,1.7954,2.5548,0.16282
26.893,10.524,69.972,84.313,1.3921,3.8331,0.07487
14.358,16.401,82.777,162.95,1.7617,1.7124,0.11167
28.794,18.357,88.612,54.073,0.33398,2.2757,0.029431
16.538,10.875,125.78,135.14,1.2427,3.8955,0.069106
26.569,7.7468,143.71,172.01,1.3409,3.2068,0.053923
26.391,5.5204,56.208,152.15,0.24038,1.8511,0.025624
26.765,19.828,72.993,185.2,0.067578,3.5784,0.033929
20.571,7.42,132.81,196.32,0.70675,1.174,0.032501
18.882,18.716,55.738,116.16,0.98911,3.1307,0.069073
23.293,16.539,46.125,174.77,0.82113,1.167,0.047514
27.413,12.625,26.377,195.85,1.5111,1.33,0.084754
10.677,19.574,28.17,116.16,1.8803,3.7994,0.20362
29.675,10.57,108.35,153.96,0.12821,2.3304,0.018646
20.86,14.021,120.08,131.02,1.894,2.8937,0.087916
27.577,19.664,123.9,68.403,0.46249,3.7382,0.038752
23.527,16.951,106.01,158.76,1.0593,3.2639,0.051978
20.071,17.783,27.305,186.06,0.35009,3.2925,0.055468
19.187,11.029,60.966,140.91,1.4601,3.8654,0.098867
27.576,14.512,145.49,141.46,1.5545,3.6955,0.059754
14.531,11.367,125.96,65.19,1.4542,3.8102,0.083983
15.931,13.289,86.957,96.83,1.2808,2.7899,0.08114
13.223,6.204,61.668,112.69,0.47262,3.983,0.059528
28.186,13.255,28.92,168.62,0.10768,3.0297,0.049743
26.446,9.5729,30.609,186.71,1.5597,2.4617,0.095191
20.983,5.2873,148.36,181.73,0.70265,2.6039,0.033728
24.956,9.099,107.32,195.5,1.9023,3.723,0.086729
19.148,19.908,88.154,159.98,0.7786,3.645,0.049479
27.865,18.69,111.86,107.9,1.8083,1.2444,0.068962
10.667,7.9749,11.301,135.86,0.04136,3.3768,0.10864
13.817,17.249,117.83,192.81,0.8521,1.9007,0.049784
23.606,18.456,132.05,178.78,1.6872,2.4555,0.069155
19.771,13.933,73.977,59.8,0.22017,2.0314,0.026971
15.281,11.227,70.955,137.03,0.10843,1.7791,0.020256
14.884,6.7877,102.24,156.36,0.25844,1.2339,0.018406
24.705,6.5919,126.81,133.42,0.51312,1.1624,0.022616
23.131,6.9544,109.28,91.615,1.048,1.1377,0.047832
12.026,14.02,109.49,120.34,0.40983,2.8564,0.032711
23.983,7.6703,122.67,97.224,0.48261,2.7842,0.026979
27.365,5.0343,92.612,172.8,1.8891,3.3774,0.086641
17.987,8.6355,104.42,181.02,0.33689,3.5834,0.031481
16.533,16.453,66.024,98.773,0.32814,3.0649,0.036754
22.866,6.6785,62.997,173.2,1.719,3.1395,0.10002
21.5,13.326,115.51,161.17,1.6018,3.011,0.075699
20.702,14.416,143.73,152.89,1.6383,1.5669,0.068897
25.03,16.863,68.303,83.237,0.79992,1.1353,0.040002
14.021,8.7764,99.483,56.429,0.83977,1.5155,0.053918
27.689,16.931,38.717,101.15,0.04894,1.1193,0.017045
20.596,14.018,94.31,190.01,1.2877,3.7658,0.071137
14.385,17.181,16.835,182.74,0.065184,2.2451,0.045875
21.893,8.1648,121.45,79.519,0.34883,2.8415,0.030402
28.821,18.704,40.086,149.23,0.76039,1.1049,0.039007
14.547,13.737,131.66,186.03,1.1216,1.0033,0.058513
12.537,10.814,125.75,82.196,0.63615,1.7853,0.039609
15.93,13.512,36.937,114.23,1.3153,3.0567,0.11214
17.075,16.224,44.123,193.52,0.78046,3.5343,0.069097
17.44,18.157,58.392,156.14,1.5011,2.3033,0.09781
18.013,10.705,72.055,105.94,0.14542,2.3208,0.026778
22.131,6.5152,66.93,95.718,0.95376,1.8772,0.056428
10.326,15.255,39.443,182.66,0.30878,3.9229,0.06357
20.053,12.458,111.71,183.71,1.2144,2.0479,0.059976
20.524,9.3903,48.315,169.54,0.6963,3.6279,0.061592
11.866,10.273,52.386,81.002,1.4535,3.659,0.13632
11.039,7.9001,12.028,61.784,0.052579,2.4063,0.09059
14.868,12.33,110.22,187.99,0.15615,2.5902,0.020379
23.321,6.662,68.737,141.16,1.6332,1.7479,0.086973
20.184,9.5405,81.376,170.62,1.7239,1.1722,0.091725
24.615,12.04,74.966,185.13,0.30763,3.8854,0.039722
27.525,6.8986,66.991,123.29,1.8509,1.0167,0.085828
13.728,7.1681,17.026,98.609,1.4587,2.4468,0.16616
16.761,7.7818,73.121,85.515,0.64851,1.7919,0.045584
26.602,13.703,56.695,154.45,0.57568,1.7919,0.033605
15.198,6.1513,82.776,151.56,0.11169,1.7762,0.018826
18.799,19.244,105.03,92.643,1.5479,2.9084,0.080093
25.072,16.596,92.044,162.02,0.78498,2.8159,0.040699
14.949,10.21,12.707,93.53,0.28359,2.2346,0.069186
13.061,6.4831,113.49,174.35,1.6413,1.6813,0.10005
12.139,17.218,143.64,149.42,1.2465,1.9848,0.068559
15.547,18.166,59.041,115.16,0.012309,3.0893,0.037197
16.761,18.817,100.73,95.748,1.7861,3.9915,0.10156
11.458,6.3536,147.42,69.443,1.3723,3.7869,0.082701
12.836,10.14,12.767,182.66,0.47661,3.9537,0.11143
26.932,16.702,136.04,169.18,1.673,1.9633,0.062476
24.855,10.061,50.486,149.67,1.8173,1.0968,0.096147
23.927,8.2735,125.38,81.315,0.19928,2.8585,0.029833
12.076,9.6877,136.41,169.86,0.56318,1.0203,0.033019
19.917,9.6608,113.31,198.27,1.2008,3.345,0.063103
12.231,15.347,131.85,136.9,0.48594,2.0282,0.030736
20.909,8.5627,67.463,60.136,0.97795,3.4182,0.065928
17.557,18.636,23.244,127.7,0.41526,2.1462,0.046671
23.206,12.761,34.23,163.76,1.9907,3.1228,0.12777
11.611,11.699,78.762,56.496,0.9736,1.4977,0.074192
17.213,11.252,114.21,182.11,1.8147,1.2829,0.092647
13.627,10.821,24.119,191.99,0.57845,1.2193,0.060327
13.892,15.532,51.01,112.62,0.47943,3.8784,0.058646
16.109,16.858,87.771,73.237,0.88774,3.9875,0.061818
18.732,19.412,44.511,95.666,0.44576,2.1868,0.038421
14.49,19.966,68.582,90.504,1.8221,2.6513,0.12408
21.927,18.473,90.729,61.872,0.92662,2.1952,0.048087
12.089,15.171,148.84,147.84,0.85696,2.9644,0.049699
21.775,12.555,99.722,161.76,1.8761,2.816,0.091666
22.778,10.695,130.53,155.4,1.4242,2.5706,0.062346
17.27,8.4028,106.26,115.2,1.958,3.927,0.11062
15.79,16.835,149.5,100.76,1.5898,2.8971,0.077135
26.229,6.8999,126.29,117.21,1.0265,3.1478,0.045905
14.963,17.026,63.509,129.79,1.3417,3.9486,0.10107
28.736,11.207,21.226,136.44,0.36169,3.9869,0.080223
20.408,11.994,100.76,182.79,0.19056,3.9035,0.032462
22.402,18.238,65.771,73.4,1.078,2.631,0.062049
18.849,9.2767,44.892,77.562,1.059,2.6795,0.08093
18.303,14.747,52.72,185.85,0.57756,1.7658,0.042236
17.164,13.851,85.45,170.89,0.46228,1.3058,0.029133
22.893,7.818,24.241,197.02,0.018771,3.5149,0.067246
19.627,11.257,137.2,120.28,1.0883,3.097,0.052799
11.581,17.838,78.166,126.41,1.2288,1.3522,0.089138
22.137,12.985,65.864,74.627,1.7504,2.9771,0.099104
25.753,18.492,83.496,68.904,0.21817,2.9037,0.032621
11.617,6.5063,109.77,111.68,1.6199,2.9134,0.1096
27.961,14.713,68.045,143.27,0.97854,1.2813,0.045543
22.746,14.042,76.693,192.54,1.183,1.6758,0.060954
23.369,8.1958,118.4,73.483,0.33825,3.1773,0.036023
15.124,8.7612,97.609,74.415,0.52596,3.5318,0.042232
17.948,10.446,37.14,65.687,1.7491,2.7993,0.13469
15.162,18.508,134.26,103.76,0.8959,1.8066,0.046707
21.076,8.4796,130.36,76.827,0.33621,1.0802,0.016625
16.449,17.064,125.43,133.27,0.048816,2.1145,0.01474
19.837,14.255,15.84,119.91,1.1561,1.8964,0.094866
18.713,16.421,51.961,70.495,0.070605,1.8085,0.025369
29.925,18.293,31.39,117.04,0.062761,1.3481,0.021337
15.017,8.3513,135.76,163.95,1.3466,3.4564,0.074224
28.979,19.054,65.123,181.15,0.87379,1.4876,0.040502
16.196,19.211,140.77,152.17,1.1982,3.8466,0.061897
18.08,5.4791,51.136,56.155,1.729,2.2976,0.12267
11.856,8.3451,43.876,70.669,1.7355,3.2925,0.17022
16.894,13.027,93.281,107.72,0.66711,3.564,0.047203
15.313,15.246,64.577,190.09,0.55002,1.0839,0.038818
28.812,14.113,103.96,130.1,1.5017,3.944,0.065468
24.553,16.392,148.86,178.6,0.29208,1.9789,0.014848
10.576,15.936,144.23,154.18,1.4735,1.5238,0.084632
17.108,17.506,74.392,136.2,1.6309,1.9719,0.098144
19.234,7.0158,93.332,151.09,0.038984,1.3753,0.012922
14.466,19.856,84.834,117.37,1.4347,3.9402,0.095946
11.075,9.0488,144.45,145.53,1.8988,3.7067,0.11289
13.893,6.5771,34.481,160.09,0.62823,2.0463,0.067017
17.979,15.774,53.948,92.588,1.8893,1.2634,0.11954
15.591,16.732,125.98,139.42,1.1145,1.1088,0.057042
23.387,10.411,19.165,177.35,0.5161,2.2978,0.053981
16.121,8.2615,28.191,194.99,1.7868,2.8651,0.15846
17.963,15.996,100.52,103.41,1.4634,3.8745,0.082976
10.919,15.557,11.262,113.65,1.5618,2.6945,0.20152
10.466,8.0247,148.46,51.135,1.6467,2.0829,0.097216
19.225,11.802,119.38,66.507,0.5942,2.0752,0.032089
19.649,15.126,107.84,114.68,0.013742,1.237,0.0099775
19.213,14.471,124.35,166.63,0.72975,3.6625,0.041155
15.019,16.502,111.8,59.918,1.7967,3.3005,0.1025
28.938,19.673,144.37,130.36,1.0442,3.5361,0.040859
27.961,16.387,74.07,189.68,1.8776,3.4321,0.087508
28.608,19.817,126.74,117.04,0.73928,1.5123,0.02848
26.463,12.337,144.63,138.06,0.50705,3.0347,0.024692
28.29,12.358,55.15,142.56,0.81491,1.2518,0.040902
21.839,9.4921,87.463,181.85,1.794,3.3829,0.094935
25.516,9.4956,88.011,139.85,1.0953,3.9755,0.059419
19.668,16.198,77.202,152.72,0.42284,1.7455,0.027641
11.957,16.836,129.8,156.3,1.4857,1.3136,0.084576
20.417,10.666,128.11,176.99,0.54419,1.3759,0.026321
23.827,11.24,11.186,133.27,0.87824,3.3531,0.095833
26.6,13.9,29.89,138.44,1.4524,2.2851,0.086705
14.216,12.211,149.05,89.808,1.6555,2.8097,0.085311
26.357,14.415,101.05,193.33,1.2931,1.1864,0.054016
28.764,9.6561,107.28,184.81,0.68709,1.2287,0.028505
20.397,5.0011,111.8,141.32,0.33953,2.3899,0.023415
17.237,19.371,140.51,192.81,0.41308,1.4791,0.021064
21.435,9.5872,107.81,138.94,0.7877,2.0107,0.040323
12.58,9.766,86.852,63.04,1.9855,3.1707,0.14103
21.442,11.405,146.72,157.58,1.826,3.6919,0.079013
26.705,9.4363,60.299,57.194,1.2583,1.4086,0.06337
17.481,5.4426,45.038,179.72,1.9989,2.8154,0.14987
14.884,13.37,112.91,115.73,0.87668,2.8106,0.053595
13.62,12.309,124.67,171.32,1.5101,2.2131,0.085684
24.514,15.021,81.27,73.101,0.30515,1.1881,0.01742
16.742,6.958,116.07,116.89,1.803,1.661,0.095339
17.571,7.6552,146.18,113.41,1.7646,2.6538,0.083715
16.43,11.943,85.896,184.98,1.6159,2.0825,0.097067
29.42,15.202,117.77,133.33,0.4104,3.5039,0.026337
27.309,9.0992,95.987,56.228,1.4934,2.4636,0.066474
25.848,8.3005,93.652,128.67,0.72804,1.8917,0.035874
27.032,18.384,97.307,196.05,1.9618,2.9409,0.083315
25.976,5.9584,77.531,110.73,1.6059,2.0532,0.078175
26.985,10.345,77.805,198.77,0.10874,3.7422,0.036794
24.099,15.857,145.54,115.71,1.3136,2.5443,0.05286
27.541,9.6652,76.007,59.026,0.38939,1.4531,0.02185
28.028,15.498,144.17,60.599,0.024019,1.0146,0.011105
27.066,8.3094,127.14,120.09,1.6119,1.7457,0.062944
29.965,18.69,87.554,190.68,1.271,3.3403,0.056399
21.344,12.723,136.87,78.764,1.998,2.132,0.085425
14.122,6.7637,53.881,159.49,1.7772,3.0794,0.14561
28.798,17.073,124.21,112.58,0.72081,3.7414,0.03419
15.766,8.6423,73.821,74.75,0.0038441,2.846,0.034432
23.225,17.76,105.27,149.05,0.074629,3.0423,0.023743
21.423,9.0029,135.38,153.53,0.13711,1.9408,0.013293
25.784,7.5261,71.185,124.75,0.52913,3.0516,0.038507
26.333,19.911,90.715,155.83,0.92239,2.4801,0.043596
15.479,9.4994,66.988,148.27,1.2109,3.3735,0.090818
29.418,11.736,93.997,166.01,0.30695,1.6337,0.016994
24.007,18.369,98.966,193.43,0.43257,3.0506,0.027914
16.301,11.49,124.83,53.808,0.17741,3.8053,0.04881
17.816,14.803,43.577,138.19,0.73306,2.4437,0.059269
18.034,16.518,47.462,100.07,0.48076,3.8838,0.05721
28.471,8.7819,41.259,91.137,0.49399,1.7187,0.033643
18.565,7.9081,96.406,173.89,1.6162,3.9569,0.093655
12.972,11.254,43.404,177.95,0.6448,2.3021,0.064597
16.548,5.7404,103.96,64.845,0.40199,2.4974,0.032798
15.508,5.7372,93.579,112.94,1.7734,3.5749,0.11347
11.701,13.85,11.876,76.613,1.4157,3.2768,0.18695
14.279,5.937,77.814,194.93,0.35692,2.0148,0.031342
27.61,14.611,59.757,56.408,1.6558,1.1339,0.077452
25.817,9.0821,51.5,57.673,1.8269,2.8164,0.10171
20.044,18.267,25.697,160.49,1.0591,1.0165,0.073132
13.257,15.231,15.442,89.349,0.056393,2.4998,0.063655
19.614,9.3112,92.669,91.779,1.8399,1.0182,0.094942
21.291,5.3179,61.991,105.3,1.3745,2.6637,0.085806
25.309,7.9971,44.519,168.7,0.73388,3.1587,0.056091
12.507,6.0653,12.289,114.48,1.4206,3.4088,0.19904
28.204,6.9724,98.135,186.82,0.12427,3.3326,0.028852
24.843,8.0452,112.07,143.89,1.59,3.9237,0.074
18.403,15.035,77.217,86.858,1.7048,3.836,0.1042
12.575,6.5534,21.212,154.5,0.2624,2.5452,0.06609
19.636,12.934,121.74,116.88,1.3377,2.45,0.064932
16.654,8.9654,146.32,88.82,1.5799,2.4912,0.076847
16.416,5.944,10.965,142.44,1.84,3.7185,0.20697
26.631,16.656,105.08,187.05,1.3873,1.5966,0.057162
19.048,13.334,10.269,168.33,0.8665,1.1752,0.074919
18.839,16.124,96.556,175.94,1.8713,1.9759,0.096869
24.92,12.823,70.66,180.93,1.3053,2.407,0.067436
13.666,5.2294,67.674,83.9,1.5013,1.1864,0.11123
18.634,11.544,95.421,131.42,0.16214,1.8519,0.016977
11.465,14.783,58.493,159.5,0.96351,2.1478,0.083857
16.538,10.662,61.858,65.456,0.9636,3.3869,0.075272
23.828,17.826,81.72,177.47,0.93088,1.7945,0.046425
22.59,10.9,85.762,134.41,0.84092,1.4114,0.043249
15.844,14.139,140.58,51.098,1.7837,2.2625,0.088062
18.004,12.594,93.476,133.09,1.1744,1.3985,0.064554
25.232,9.6889,59.153,147.67,0.5485,1.4486,0.032094
16.687,6.0386,42.701,174.96,0.98945,1.3665,0.077256
18.052,10.135,110.88,63.682,1.1326,2.9635,0.062909
23.05,6.282,52.155,155.13,1.2669,1.7993,0.075664
27.885,9.9553,110.11,95.04,0.72975,2.777,0.034819
28.104,16.081,142.98,89.679,0.0089223,3.5522,0.031307
23.911,9.992,57.28,134.36,0.15465,2.3749,0.030873
23.144,19.021,66.295,135.79,0.72107,3.8431,0.049969
10.602,15.545,108.1,116.16,1.0203,2.8367,0.072023
24.927,13.461,57.141,170.22,1.7105,2.7675,0.092342
20.165,6.5951,105.73,178.01,1.0039,1.0575,0.050071
18.852,19.178,16.254,186.08,0.36076,2.1097,0.045091
14.105,9.1634,70.584,64.338,0.20172,2.4968,0.03369
14.781,13.221,88.157,102.44,0.84255,2.1565,0.056185
17.613,6.9093,35.188,92.109,0.03138,3.2593,0.065292
20.099,9.0342,116.55,158.32,0.38724,1.1924,0.020399
18.507,13.274,146.82,155.32,0.087614,2.7464,0.017045
15.568,6.7581,72.065,131.33,0.75988,3.2945,0.06155
28.367,6.8925,145.89,153.9,1.2928,2.1605,0.048123
21.247,10.104,65.15,79.753,0.71296,2.1191,0.045965
12.307,10.153,124.37,125.18,0.99707,1.3541,0.059755
21.51,17.95,59.739,127.32,0.68803,2.3706,0.044728
14.762,12.875,48.277,165.67,1.0622,3.6202,0.093606
28.752,14.485,147.04,57.308,0.14527,1.6355,0.018452
17.198,18.736,116.14,114,1.2595,3.8677,0.069102
25.102,17.24,129.02,128.92,0.26426,3.2822,0.022455
22.345,5.5748,127.78,109.65,0.19241,3.8443,0.032811
17.92,10.101,136.51,129.84,1.3278,3.1821,0.066366
14.46,14.154,73.733,133.32,1.088,2.5551,0.077636
15.721,17.093,141.12,181.85,1.9382,2.5727,0.094768
12.257,17.854,36.724,147.54,1.8857,1.3103,0.1654
15.929,12.388,71.84,169.86,0.059032,2.7179,0.029253
21.449,16.807,20.725,161.25,0.38699,2.5928,0.051125
28.483,9.5715,146.54,197.91,1.5073,1.6191,0.053713
27.228,13.707,24.309,148.68,1.927,3.5346,0.12046
25.062,5.5991,44.527,155.46,0.92423,1.3521,0.054801
13.232,19.597,103.26,112.96,0.5593,2.5942,0.038926
28.614,6.5445,120.49,74.999,1.7672,2.5667,0.070075
29.483,5.039,111.16,163.42,0.41123,1.7811,0.020031
11.599,10.151,125.17,160.3,0.27228,2.9977,0.024796
26.609,10.682,29.524,151.04,1.3567,2.5478,0.085275
29.561,10.606,131.37,90.159,0.27326,1.2481,0.012267
24.776,9.5326,63.272,105.81,0.58905,1.7794,0.035291
19.27,19.149,63.911,198.18,0.334,3.775,0.04095
25.087,6.6105,94.334,178.49,0.91094,2.9638,0.047722
11.151,18.972,50.572,53.189,1.028,3.6259,0.10018
17.562,18.389,84.868,182.68,0.20553,1.6361,0.01706
24.032,10.765,10.195,104.2,0.64029,2.18,0.068643
13.625,13.917,93.121,81.407,0.34494,3.799,0.039368
11.124,16.388,81.155,80.259,0.2921,3.7932,0.039525
18.439,9.1971,104.39,58.475,1.5602,3.8885,0.087854
23.765,9.3163,23.865,124.76,1.0762,1.034,0.070834
15.657,7.5515,34.087,138.44,1.3527,2.7088,0.1217
21.033,9.8682,97.979,195.12,1.042,3.5948,0.058787
29.882,16.241,58.636,175.77,1.8788,3.0042,0.088146
19.624,10.046,93.322,92.924,1.9191,2.3262,0.10185
29.24,19.365,108.85,151.46,1.8798,3.5013,0.074814
13.105,9.4803,74.98,174.56,1.0466,3.4949,0.083954
20.783,7.8011,59.565,88.975,0.70131,1.5692,0.045422
26.714,9.6354,11.33,107.62,1.6735,1.844,0.11246
25.627,12.879,31.548,129.73,0.56648,3.1446,0.057262
24.688,7.0331,35.491,117.45,0.54554,2.9069,0.056354
26.124,7.1366,50.122,150.18,0.49175,3.0757,0.04604
11.435,18.574,148.04,124.8,1.1504,3.2996,0.066254
24.935,9.236,104.82,154.3,1.1637,2.8566,0.055219
26.285,19.818,40.009,52.398,1.6347,2.8962,0.091948
23.643,14.975,49.153,171.23,0.058648,2.6331,0.033732
20.579,18.972,36.265,180.97,1.9527,1.9936,0.12414
22.474,10.378,74.271,129.06,0.66854,1.2496,0.036783
17.808,15.501,78.078,85.902,0.27454,3.4794,0.036781
28.601,14.897,77.893,174.31,0.9128,2.2554,0.043508
10.686,12.141,16.073,189.03,0.7715,2.6022,0.11082
29.963,16.708,12.066,185.37,0.97058,2.1707,0.063522
26.462,7.9349,149.77,181.16,1.7399,1.9225,0.064522
18.225,11.393,61.556,172.45,0.18243,3.0025,0.036212
24.626,16.015,57.32,95.123,1.9709,3.0963,0.10605
11.799,12.879,98.951,120.61,0.28268,1.8265,0.02365
29.742,10.226,140.67,169.25,0.41827,3.0411,0.02181
17.108,17.504,137.23,115.76,0.78277,3.2019,0.041802
15.813,5.3726,51.551,93.82,1.8357,3.0581,0.14415
14.686,10.703,120.68,124.6,0.43717,3.168,0.031743
25.457,16.435,96.754,153.99,1.023,1.9882,0.046672
10.027,7.9236,34.057,137.1,0.30064,2.5163,0.055694
10.348,11.634,16.451,120.68,0.32712,2.7163,0.077578
26.366,8.6907,42.597,62.801,0.70387,2.2273,0.047854
12.285,13.145,104.63,111.08,0.71426,2.9848,0.051519
23.574,19.058,71.547,69.734,1.1404,2.7329,0.061608
25.292,9.4229,107.14,87.043,1.1414,2.9044,0.05368
17.978,11.734,140.95,87.333,1.0636,2.9045,0.052804
23.362,15.416,34.219,115.85,1.8499,2.1118,0.11288
22.776,14.447,77.612,183.45,0.93003,1.3275,0.047675
12.262,19.083,72.402,66.184,1.2676,3.789,0.099777
11.258,5.1555,142.97,96.041,0.33566,3.2658,0.030397
26.676,19.143,82.508,140.88,1.4824,3.1032,0.069394
24.894,19.729,144.98,181.07,1.8373,1.8504,0.068795
11.173,5.524,35.133,173.15,1.5427,2.6216,0.16892
16.631,14.636,129.63,136.73,0.84021,2.6377,0.045288
13.646,8.8953,38.758,85.441,1.8853,2.9247,0.17208
26.581,16.102,33.578,108.31,1.7456,2.0666,0.097598
13.577,7.3399,144.28,199.46,1.8579,2.2737,0.099157
14.462,13.167,46.425,70.459,0.16442,2.7944,0.044597
10.584,19.155,56.55,118.24,0.6062,2.2847,0.058388
23.221,6.4494,29.064,107.16,0.61032,3.4717,0.076562
22.545,11.567,147.23,80.89,1.6704,2.6175,0.069006
10.503,11.711,120.05,51.024,0.57747,3.5895,0.048073
23.125,8.9537,100.24,92.704,0.34956,2.1059,0.022412
20.751,7.216,114.88,188.96,0.0057755,1.381,0.010672
28.338,19.403,25.931,150.82,0.23877,2.4772,0.040137
17.226,9.9502,18.229,120.5,0.52904,1.7378,0.057941
28.954,10.527,136.86,54.866,1.3251,3.8609,0.053299
11.883,6.6768,67.742,152.8,0.98367,2.3847,0.084328
27.541,14.858,48.915,149.04,1.2908,3.6917,0.075014
27.647,17.056,69.78,100.28,1.8462,3.6002,0.089181
19.993,7.4918,139.47,137.67,0.74872,1.7782,0.035379
26.61,13.326,49.344,60.527,1.2379,2.2294,0.068173
15.169,6.445,63.488,112.51,0.26257,2.8297,0.038406
23.124,9.608,79.975,176.15,0.33953,1.1463,0.019765
14.516,13.546,89.498,105.05,1.5576,2.7707,0.10026
12.213,10.488,20.083,146.1,0.57461,3.2243,0.092104
11.34,8.4636,43.7,163.57,0.023977,1.3974,0.022638
14.188,9.1666,136.81,82.127,0.1942,3.3485,0.033719
23.35,15.355,58.131,141.9,0.46712,1.9241,0.031368
17.146,16.04,104.82,82.505,0.020037,2.0677,0.020448
14.799,10.691,116.82,189.14,1.3719,3.0966,0.080114
21.808,13.076,119.39,194.31,0.18828,3.658,0.026281
15.15,16.352,56.312,119.53,1.6057,3.4094,0.12022
27.533,12.536,103.51,63.121,0.67112,2.7657,0.033983
17.039,6.4797,46.702,81.008,0.30013,1.9631,0.035538
21.888,5.1167,18.768,73.061,1.5485,3.0461,0.13255
12.41,6.8024,32.66,157.89,1.3623,1.4345,0.13563
11.157,7.8368,12.069,70.241,0.14172,1.1136,0.042247
16.157,19.928,65.092,127.36,0.8792,1.4543,0.057805
25.561,12.056,22.27,161.18,0.58566,2.2206,0.050407
18.605,5.2145,109.02,180.69,0.049167,1.711,0.014147
21.965,11.645,56.818,188.93,0.19828,3.1455,0.038564
24.433,5.7135,141.89,167.37,1.6007,2.4004,0.065137
15.583,18.487,120.26,56.708,1.5514,3.5124,0.085004
16.888,8.845,62.981,78.679,0.042926,1.8798,0.025344
14.808,13.057,58.751,80.388,0.24863,1.5782,0.024972
19.772,9.4986,112.89,111.05,1.6143,3.741,0.08368
25.302,5.5039,110.71,100.13,1.2312,1.3366,0.053283
11.012,19.332,13.671,58.282,1.0504,3.2688,0.14064
21.796,17.722,54.718,160.84,0.98729,1.3445,0.056631
26.245,15.782,63.45,150.02,0.83726,1.1678,0.041436
21.7,13.791,67.339,94.824,0.63124,1.4421,0.03712
29.831,5.5694,56.796,66.124,1.8448,2.1194,0.089261
29.783,7.8185,88.864,131.52,0.43099,2.4559,0.02604
14.39,19.297,48.867,190.53,1.6299,2.0488,0.12243
10.432,6.3993,63.816,101.15,1.9385,1.5701,0.17011
13.292,5.7722,81.153,126.05,0.73402,2.7544,0.059082
29.895,5.2471,107.44,115.27,0.30508,3.6986,0.032395
10.928,10.106,90.422,54.399,0.4386,3.712,0.05332
23.662,8.0746,66.156,105.75,0.4754,3.6531,0.046551
28.425,13.754,43.868,167.25,0.40371,1.3812,0.025234
23.753,17.344,115.13,186.61,0.45024,2.1602,0.0234
18.374,12.969,24.778,190.37,1.2424,1.841,0.098784
13.955,7.4285,60.765,111.26,1.7871,2.3214,0.13778
23.406,5.7487,75.96,81.564,0.99186,1.8092,0.053983
23.683,13.382,64.83,162.2,1.4645,2.8349,0.080554
